PERMNO,date,PRC,RET
89992,20041004,49.39000,0.007548
89992,20041005,49.07000,-0.006479
89992,20041006,49.43000,0.007336
89992,20041007,49.21000,-0.004451
89992,20041008,48.69000,-0.010567
89992,20041011,-48.88500,0.004005
89992,20041012,48.75000,-0.002762
89992,20041013,48.65000,-0.002051
89992,20041014,48.26000,-0.008017
89992,20041015,48.44000,0.003730
89992,20041018,48.25000,-0.003922
89992,20041019,48.84000,0.012228
89992,20041020,48.29000,-0.011261
89992,20041021,48.72000,0.008905
89992,20041022,48.73000,0.000205
89992,20041025,48.16000,-0.011697
89992,20041026,48.43000,0.005606
89992,20041027,49.75000,0.027256
89992,20041028,50.16000,0.008241
89992,20041029,50.06000,-0.001994
89992,20041101,50.25000,0.003795
89992,20041102,50.84000,0.011741
89992,20041103,50.76000,-0.001574
89992,20041104,51.70150,0.018548
89992,20041105,52.08000,0.007321
89992,20041108,52.01000,-0.001344
89992,20041109,52.09000,0.001538
89992,20041110,52.12000,0.000576
89992,20041111,52.57000,0.008634
89992,20041112,53.03000,0.008750
89992,20041115,53.20000,0.003206
89992,20041116,52.86000,-0.006391
89992,20041117,52.95000,0.001703
89992,20041118,52.88000,-0.001322
89992,20041119,52.39000,-0.009266
89992,20041122,52.77000,0.007253
89992,20041123,52.98000,0.003980
89992,20041124,53.38000,0.007550
89992,20041126,53.52000,0.002623
89992,20041129,53.25000,-0.005045
89992,20041130,52.74000,-0.009577
89992,20041201,53.47000,0.013841
89992,20041202,53.55000,0.001496
89992,20041203,53.43000,-0.002241
89992,20041206,53.32000,-0.002059
89992,20041207,52.96000,-0.006752
89992,20041208,53.15000,0.003588
89992,20041209,53.42000,0.005080
89992,20041210,53.71000,0.005429
89992,20041213,53.73000,0.000372
89992,20041214,54.23000,0.009306
89992,20041215,54.52000,0.005348
89992,20041216,54.23000,-0.005319
89992,20041217,54.21000,-0.000369
89992,20041220,54.09000,-0.002214
89992,20041221,54.55000,0.008504
89992,20041222,54.39000,0.003483
89992,20041223,54.44000,0.000919
89992,20041227,54.52000,0.001470
89992,20041228,54.97000,0.008254
89992,20041229,55.15000,0.003275
89992,20041230,55.27000,0.002176
89992,20041231,55.16000,-0.001990
89992,20050103,54.66000,-0.009065
89992,20050104,54.03000,-0.011526
89992,20050105,53.72000,-0.005738
89992,20050106,53.69000,-0.000558
89992,20050107,53.39000,-0.005588
89992,20050110,53.69000,0.005619
89992,20050111,53.43000,-0.004843
89992,20050112,53.56800,0.002583
89992,20050113,53.43000,-0.002576
89992,20050114,53.87000,0.008235
89992,20050118,53.71000,-0.002970
89992,20050119,53.81000,0.001862
89992,20050120,53.29000,-0.009664
89992,20050121,52.81000,-0.009007
89992,20050124,52.27000,-0.010225
89992,20050125,52.53000,0.004974
89992,20050126,52.80000,0.005140
89992,20050127,52.67000,-0.002462
89992,20050128,52.44000,-0.004367
89992,20050131,53.02000,0.011060
89992,20050201,53.22000,0.003772
89992,20050202,53.43000,0.003946
89992,20050203,53.18000,-0.004679
89992,20050204,53.84000,0.012411
89992,20050207,53.91000,0.001300
89992,20050208,53.76000,-0.002782
89992,20050209,53.36000,-0.007440
89992,20050210,53.41000,0.000937
89992,20050211,53.84000,0.008051
89992,20050214,53.63000,-0.003900
89992,20050215,53.95000,0.005967
89992,20050216,53.94000,-0.000185
89992,20050217,53.63000,-0.005747
89992,20050218,53.46000,-0.003170
89992,20050222,52.42000,-0.019454
89992,20050223,52.72000,0.005723
89992,20050224,52.84000,0.002276
89992,20050225,53.06900,0.004334
89992,20050228,52.99000,-0.001489
89992,20050301,53.50000,0.009624
89992,20050302,53.64000,0.002617
89992,20050303,53.61000,-0.000559
89992,20050304,53.91000,0.005596
89992,20050307,54.18000,0.005008
89992,20050308,53.84000,-0.006275
89992,20050309,53.10000,-0.013744
89992,20050310,53.18000,0.001507
89992,20050311,53.14000,-0.000752
89992,20050314,53.13000,-0.000188
89992,20050315,53.37000,0.004517
89992,20050316,52.92000,-0.008432
89992,20050317,53.12000,0.003779
89992,20050318,52.62000,-0.009413
89992,20050321,52.72000,0.001900
89992,20050322,52.58000,-0.002656
89992,20050323,52.02000,-0.010650
89992,20050324,52.11000,0.001730
89992,20050328,52.46000,0.006717
89992,20050329,51.88000,-0.011056
89992,20050330,52.39000,0.009830
89992,20050331,52.56000,0.003245
89992,20050401,52.28000,-0.005327
89992,20050404,52.00000,-0.005356
89992,20050405,52.61000,0.011731
89992,20050406,52.48000,-0.002471
89992,20050407,52.64000,0.003049
89992,20050408,52.34000,-0.005699
89992,20050411,52.20000,-0.002675
89992,20050412,52.40000,0.003831
89992,20050413,51.81000,-0.011260
89992,20050414,51.30000,-0.009844
89992,20050415,50.08000,-0.023782
89992,20050418,50.12000,0.000799
89992,20050419,50.19000,0.001397
89992,20050420,49.47000,-0.014345
89992,20050421,50.54000,0.021629
89992,20050422,50.00000,-0.010685
89992,20050425,49.99000,-0.000200
89992,20050426,50.11000,0.002400
89992,20050427,50.05000,-0.001197
89992,20050428,49.85000,-0.003996
89992,20050429,49.01000,-0.016851
89992,20050502,49.35000,0.006937
89992,20050503,49.65000,0.006079
89992,20050504,50.70000,0.021148
89992,20050505,50.68000,-0.000394
89992,20050506,50.65000,-0.000592
89992,20050509,50.80000,0.002961
89992,20050510,50.29000,-0.010039
89992,20050511,50.45000,0.003182
89992,20050512,50.04000,-0.008127
89992,20050513,49.80000,-0.004796
89992,20050516,50.43000,0.012651
89992,20050517,50.96000,0.010510
89992,20050518,51.90000,0.018446
89992,20050519,52.25000,0.006744
89992,20050520,52.29000,0.000766
89992,20050523,52.66000,0.007076
89992,20050524,52.57000,-0.001709
89992,20050525,52.27000,-0.005707
89992,20050526,52.65000,0.007270
89992,20050527,52.75000,0.001899
89992,20050531,52.53000,-0.004171
89992,20050601,52.72000,0.003617
89992,20050602,53.27000,0.010432
89992,20050603,52.86000,-0.007697
89992,20050606,52.96000,0.001892
89992,20050607,53.33000,0.006986
89992,20050608,52.78000,-0.010313
89992,20050609,53.11000,0.006252
89992,20050610,53.09000,-0.000377
89992,20050613,53.19000,0.001884
89992,20050614,53.73000,0.010152
89992,20050615,53.74000,0.000186
89992,20050616,54.02000,0.005210
89992,20050617,54.16000,0.002592
89992,20050620,54.07000,-0.001662
89992,20050621,54.11000,0.000740
89992,20050622,54.20000,0.001663
89992,20050623,53.39000,-0.014945
89992,20050624,53.01000,-0.007117
89992,20050627,52.80000,-0.003961
89992,20050628,53.46000,0.012500
89992,20050629,53.30000,-0.002993
89992,20050630,53.00000,-0.005629
89992,20050701,53.07000,0.001321
89992,20050705,53.63000,0.010552
89992,20050706,53.35000,-0.005221
89992,20050707,53.32000,-0.000562
89992,20050708,53.87000,0.010315
89992,20050711,54.41000,0.010024
89992,20050712,54.77000,0.006616
89992,20050713,54.67000,-0.001826
89992,20050714,54.59000,-0.001463
89992,20050715,55.07000,0.008793
89992,20050718,55.07000,0.000000
89992,20050719,55.39000,0.005811
89992,20050720,55.53000,0.002528
89992,20050721,55.23000,-0.005402
89992,20050722,55.61000,0.006880
89992,20050725,55.17000,-0.007912
89992,20050726,55.47000,0.005438
89992,20050727,55.65000,0.003245
89992,20050728,56.27000,0.011141
89992,20050729,55.80000,-0.008353
89992,20050801,55.92000,0.002151
89992,20050802,55.87000,-0.000894
89992,20050803,55.77000,-0.001790
89992,20050804,55.21000,-0.010041
89992,20050805,54.60000,-0.011049
89992,20050808,54.47000,-0.002381
89992,20050809,54.98000,0.009363
89992,20050810,55.03000,0.000909
89992,20050811,54.94000,-0.001635
89992,20050812,55.14000,0.003640
89992,20050815,55.35000,0.003808
89992,20050816,54.54000,-0.014634
89992,20050817,54.67000,0.002384
89992,20050818,54.40000,-0.004939
89992,20050819,54.25000,-0.002757
89992,20050822,54.15000,-0.001843
89992,20050823,54.00000,-0.002770
89992,20050824,53.69000,-0.005741
89992,20050825,53.80000,0.002049
89992,20050826,53.63000,-0.003160
89992,20050829,53.68000,0.000932
89992,20050830,53.04000,-0.011922
89992,20050831,53.27000,0.004336
89992,20050901,53.23000,-0.000751
89992,20050902,52.96000,-0.005072
89992,20050906,53.72000,0.014350
89992,20050907,54.30000,0.010797
89992,20050908,53.79000,-0.009392
89992,20050909,54.09000,0.005577
89992,20050912,54.38000,0.005361
89992,20050913,53.73000,-0.011953
89992,20050914,53.20000,-0.009864
89992,20050915,53.14000,-0.001128
89992,20050916,53.26000,0.002258
89992,20050919,52.47000,-0.014833
89992,20050920,51.70000,-0.014675
89992,20050921,50.75000,-0.018375
89992,20050922,51.60000,0.016749
89992,20050923,51.75000,0.002907
89992,20050926,51.85000,0.001932
89992,20050927,51.77000,-0.001543
89992,20050928,51.41000,-0.006954
89992,20050929,51.72000,0.006030
89992,20050930,52.20000,0.009281
89992,20051003,52.31000,0.002107
89992,20051004,51.83000,-0.009176
89992,20051005,51.01000,-0.015821
89992,20051006,50.99000,-0.000392
89992,20051007,51.09000,0.001961
89992,20051010,50.68010,-0.008023
89992,20051011,50.33000,-0.006908
89992,20051012,49.75000,-0.011524
89992,20051013,49.84000,0.001809
89992,20051014,50.38000,0.010835
89992,20051017,50.45000,0.001389
89992,20051018,49.88000,-0.011298
89992,20051019,50.69000,0.016239
89992,20051020,50.30000,-0.007694
89992,20051021,50.34000,0.000795
89992,20051024,51.11000,0.015296
89992,20051025,50.77000,-0.006652
89992,20051026,50.35000,-0.008273
89992,20051027,49.26000,-0.021648
89992,20051028,49.91000,0.013195
89992,20051031,50.90000,0.019836
89992,20051101,51.00000,0.001965
89992,20051102,51.93000,0.018235
89992,20051103,52.03000,0.001926
89992,20051104,52.22000,0.003652
89992,20051107,52.57000,0.006702
89992,20051108,51.85000,-0.013696
89992,20051109,51.92000,0.001350
89992,20051110,52.69100,0.014850
89992,20051111,52.73000,0.000740
89992,20051114,52.83000,0.001896
89992,20051115,52.00000,-0.015711
89992,20051116,52.07000,0.001346
89992,20051117,52.73000,0.012675
89992,20051118,53.06000,0.006258
89992,20051121,53.39000,0.006219
89992,20051122,53.74000,0.006556
89992,20051123,54.00000,0.004838
89992,20051125,54.02000,0.000370
89992,20051128,53.42000,-0.011107
89992,20051129,53.39000,-0.000562
89992,20051130,53.08000,-0.005806
89992,20051201,53.76900,0.012980
89992,20051202,53.83010,0.001136
89992,20051205,53.46000,-0.006875
89992,20051206,53.69000,0.004302
89992,20051207,53.52000,-0.003166
89992,20051208,53.23000,-0.005419
89992,20051209,53.46000,0.004321
89992,20051212,53.67000,0.003928
89992,20051213,53.86000,0.003540
89992,20051214,54.13000,0.005013
89992,20051215,53.78000,-0.006466
89992,20051216,53.72000,-0.001116
89992,20051219,53.09000,-0.011727
89992,20051220,52.98000,-0.002072
89992,20051221,53.14000,0.003020
89992,20051222,52.94000,0.002032
89992,20051223,53.10000,0.003022
89992,20051227,52.62000,-0.009040
89992,20051228,52.76000,0.002661
89992,20051229,52.84000,0.001516
89992,20051230,52.59000,-0.004731
89992,20060103,52.92000,0.006275
89992,20060104,52.96010,0.000758
89992,20060105,52.99000,0.000565
89992,20060106,53.43000,0.008303
89992,20060109,53.92000,0.009171
89992,20060110,54.02000,0.001855
89992,20060111,54.19000,0.003147
89992,20060112,53.89000,-0.005536
89992,20060113,53.89000,0.000000
89992,20060117,53.46000,-0.007979
89992,20060118,53.28000,-0.003367
89992,20060119,53.75000,0.008821
89992,20060120,52.90000,-0.015814
89992,20060123,52.83000,-0.001323
89992,20060124,53.33000,0.009464
89992,20060125,53.24000,-0.001688
89992,20060126,53.55000,0.005823
89992,20060127,53.78000,0.004295
89992,20060130,53.69000,-0.001673
89992,20060131,53.50000,-0.003539
89992,20060201,53.69000,0.003551
89992,20060202,53.46000,-0.004284
89992,20060203,53.23000,-0.004302
89992,20060206,53.23000,0.000000
89992,20060207,52.90000,-0.006199
89992,20060208,53.35000,0.008507
89992,20060209,53.42000,0.001312
89992,20060210,53.54000,0.002246
89992,20060213,53.26000,-0.005230
89992,20060214,53.80000,0.010139
89992,20060215,54.08000,0.005205
89992,20060216,54.27000,0.003513
89992,20060217,53.93010,-0.006263
89992,20060221,53.61000,-0.005935
89992,20060222,54.10000,0.009140
89992,20060223,53.97000,-0.002403
89992,20060224,53.76000,-0.003891
89992,20060227,54.34990,0.010973
89992,20060228,53.74010,-0.011220
89992,20060301,54.13000,0.007255
89992,20060302,53.91000,-0.004064
89992,20060303,53.87000,-0.000742
89992,20060306,53.59000,-0.005198
89992,20060307,53.27000,-0.005971
89992,20060308,53.27000,0.000000
89992,20060309,53.15010,-0.002251
89992,20060310,53.56000,0.007712
89992,20060313,53.54010,-0.000372
89992,20060314,54.08000,0.010084
89992,20060315,54.34000,0.004808
89992,20060316,54.58010,0.004418
89992,20060317,54.65000,0.001281
89992,20060320,54.63000,-0.000366
89992,20060321,54.32000,-0.005675
89992,20060322,54.49990,0.003312
89992,20060323,54.65000,0.002754
89992,20060324,54.61100,-0.000714
89992,20060327,54.66000,0.000897
89992,20060328,54.37000,-0.005306
89992,20060329,54.80000,0.007909
89992,20060330,54.68000,-0.002190
89992,20060331,54.60000,-0.001463
89992,20060403,54.34000,-0.004762
89992,20060404,54.62000,0.005153
89992,20060405,54.97000,0.006408
89992,20060406,55.21000,0.004366
89992,20060407,54.91000,-0.005434
89992,20060410,54.68000,-0.004189
89992,20060411,54.30000,-0.006950
89992,20060412,54.18000,-0.002210
89992,20060413,54.31000,0.002399
89992,20060417,54.08000,-0.004235
89992,20060418,54.80010,0.013315
89992,20060419,54.82000,0.000363
89992,20060420,54.93010,0.002008
89992,20060421,54.54010,-0.007100
89992,20060424,54.35000,-0.003486
89992,20060425,54.33000,-0.000368
89992,20060426,54.59000,0.004786
89992,20060427,55.04000,0.008243
89992,20060428,55.00000,-0.000727
89992,20060501,54.69000,-0.005636
89992,20060502,54.80000,0.002011
89992,20060503,54.86000,0.001095
89992,20060504,55.16000,0.005468
89992,20060505,55.75000,0.010696
89992,20060508,55.86000,0.001973
89992,20060509,55.96000,0.001790
89992,20060510,55.95000,-0.000179
89992,20060511,55.29000,-0.011796
89992,20060512,54.78000,-0.009224
89992,20060515,54.69000,-0.001643
89992,20060516,54.48000,-0.003840
89992,20060517,53.81000,-0.012298
89992,20060518,53.75000,-0.001115
89992,20060519,54.07000,0.005953
89992,20060522,53.55000,-0.009617
89992,20060523,53.24000,-0.005789
89992,20060524,53.12000,-0.002254
89992,20060525,53.56000,0.008283
89992,20060526,53.94000,0.007095
89992,20060530,53.16000,-0.014460
89992,20060531,53.54000,0.007148
89992,20060601,54.45000,0.016997
89992,20060602,54.20000,-0.004591
89992,20060605,53.32000,-0.016236
89992,20060606,53.02000,-0.005626
89992,20060607,53.12000,0.001886
89992,20060608,52.92000,-0.003765
89992,20060609,52.80000,-0.002268
89992,20060612,52.11000,-0.013068
89992,20060613,51.52000,-0.011322
89992,20060614,51.50000,-0.000388
89992,20060615,52.91000,0.027379
89992,20060616,52.73000,-0.003402
89992,20060619,52.43000,-0.005689
89992,20060620,52.24000,-0.003624
89992,20060621,52.71000,0.008997
89992,20060622,52.50000,-0.003984
89992,20060623,52.52000,0.000381
89992,20060626,52.63000,0.002094
89992,20060627,51.98000,-0.012350
89992,20060628,51.98000,0.000000
89992,20060629,53.12000,0.021932
89992,20060630,53.33000,0.003953
89992,20060703,53.20000,-0.002438
89992,20060705,52.80000,-0.007519
89992,20060706,52.75000,-0.000947
89992,20060707,52.32000,-0.008152
89992,20060710,52.43000,0.002102
89992,20060711,52.36000,-0.001335
89992,20060712,51.52000,-0.016043
89992,20060713,50.65000,-0.016887
89992,20060714,50.04000,-0.012043
89992,20060717,50.33000,0.005795
89992,20060718,49.97000,-0.007153
89992,20060719,51.01000,0.020812
89992,20060720,50.25000,-0.014899
89992,20060721,49.80000,-0.008955
89992,20060724,50.84000,0.020884
89992,20060725,51.32000,0.009441
89992,20060726,50.73000,-0.011496
89992,20060727,50.43000,-0.005914
89992,20060728,51.08000,0.012889
89992,20060731,51.09000,0.000196
89992,20060801,50.44000,-0.012723
89992,20060802,50.96000,0.010309
89992,20060803,51.35000,0.007653
89992,20060804,51.30000,-0.000974
89992,20060807,51.11000,-0.003704
89992,20060808,50.65000,-0.009000
89992,20060809,50.00000,-0.012833
89992,20060810,50.66000,0.013200
89992,20060811,50.57000,-0.001777
89992,20060814,50.76000,0.003757
89992,20060815,51.55000,0.015563
89992,20060816,52.20000,0.012609
89992,20060817,52.53000,0.006322
89992,20060818,52.41000,-0.002284
89992,20060821,51.95000,-0.008777
89992,20060822,51.87000,-0.001540
89992,20060823,51.52000,-0.006748
89992,20060824,51.12000,-0.007764
89992,20060825,51.14000,0.000391
89992,20060828,51.62000,0.009386
89992,20060829,52.00000,0.007362
89992,20060830,52.11000,0.002115
89992,20060831,52.33000,0.004222
89992,20060901,52.76000,0.008217
89992,20060905,52.85000,0.001706
89992,20060906,52.29000,-0.010596
89992,20060907,52.23000,-0.001147
89992,20060908,52.76000,0.010147
89992,20060911,53.13000,0.007013
89992,20060912,54.48000,0.025409
89992,20060913,54.60000,0.002203
89992,20060914,54.58000,-0.000366
89992,20060915,54.69000,0.002015
89992,20060918,54.46000,-0.004206
89992,20060919,54.48000,0.000367
89992,20060920,55.04000,0.010279
89992,20060921,54.63000,-0.007449
89992,20060922,54.50000,-0.002380
89992,20060925,55.47000,0.017798
89992,20060926,55.81000,0.006129
89992,20060927,55.68000,-0.002329
89992,20060928,55.76000,0.001437
89992,20060929,55.42000,-0.006098
89992,20061002,55.43000,0.000180
89992,20061003,55.94000,0.009201
89992,20061004,56.81000,0.015552
89992,20061005,57.04000,0.004049
89992,20061006,56.92000,-0.002104
89992,20061009,57.26000,0.005973
89992,20061010,57.54000,0.004890
89992,20061011,57.37000,-0.002955
89992,20061012,58.15000,0.013596
89992,20061013,58.12000,-0.000516
89992,20061016,58.26000,0.002409
89992,20061017,57.86000,-0.006866
89992,20061018,57.96000,0.001728
89992,20061019,57.90000,-0.001035
89992,20061020,57.84000,-0.001036
89992,20061023,58.39000,0.009509
89992,20061024,58.62000,0.003939
89992,20061025,58.52000,-0.001706
89992,20061026,59.34000,0.014012
89992,20061027,58.78000,-0.009437
89992,20061030,59.03000,0.004253
89992,20061031,59.00000,-0.000508
89992,20061101,58.36000,-0.010847
89992,20061102,58.27000,-0.001542
89992,20061103,57.92000,-0.006007
89992,20061106,58.80000,0.015193
89992,20061107,58.90000,0.001701
89992,20061108,59.28000,0.006452
89992,20061109,58.99000,-0.004892
89992,20061110,59.31000,0.005425
89992,20061113,59.36000,0.000843
89992,20061114,60.07000,0.011961
89992,20061115,60.38000,0.005161
89992,20061116,60.65000,0.004472
89992,20061117,60.49000,-0.002638
89992,20061120,60.39000,-0.001653
89992,20061121,60.44010,0.000830
89992,20061122,60.70000,0.004300
89992,20061124,60.53000,-0.002801
89992,20061127,59.53000,-0.016521
89992,20061128,59.45000,-0.001344
89992,20061129,59.97000,0.008747
89992,20061130,60.03000,0.001000
89992,20061201,59.90000,-0.002166
89992,20061204,60.78000,0.014691
89992,20061205,61.12000,0.005594
89992,20061206,61.07000,-0.000818
89992,20061207,60.91000,-0.002620
89992,20061208,60.99000,0.001313
89992,20061211,61.07000,0.001312
89992,20061212,60.80000,-0.004421
89992,20061213,61.01000,0.003454
89992,20061214,61.54000,0.008687
89992,20061215,61.38000,-0.002600
89992,20061218,60.72000,-0.003095
89992,20061219,60.77000,0.000823
89992,20061220,60.88000,0.001810
89992,20061221,60.52000,-0.005913
89992,20061222,60.46000,-0.000991
89992,20061226,60.67000,0.003473
89992,20061227,61.13000,0.007582
89992,20061228,61.06000,-0.001145
89992,20061229,60.80000,-0.004258
89992,20070103,60.92000,0.001974
89992,20070104,61.14000,0.003611
89992,20070105,60.58000,-0.009159
89992,20070108,60.62000,0.000660
89992,20070109,60.93000,0.005114
89992,20070110,61.41000,0.007878
89992,20070111,62.20000,0.012864
89992,20070112,62.37000,0.002733
89992,20070116,62.45000,0.001283
89992,20070117,62.47000,0.000320
89992,20070118,62.78000,0.004962
89992,20070119,62.78000,0.000000
89992,20070122,62.43000,-0.005575
89992,20070123,62.56000,0.002082
89992,20070124,62.91000,0.005595
89992,20070125,61.92000,-0.015737
89992,20070126,61.76000,-0.002584
89992,20070129,61.89000,0.002105
89992,20070130,62.01000,0.001939
89992,20070131,62.72000,0.011450
89992,20070201,62.97000,0.003986
89992,20070202,63.12000,0.002382
89992,20070205,63.10000,-0.000317
89992,20070206,63.16000,0.000951
89992,20070207,63.48000,0.005066
89992,20070208,63.38000,-0.001575
89992,20070209,62.77000,-0.009624
89992,20070212,62.40000,-0.005895
89992,20070213,62.93050,0.008502
89992,20070214,63.30000,0.005872
89992,20070215,63.50010,0.003161
89992,20070216,63.53700,0.000581
89992,20070220,64.02000,0.007602
89992,20070221,63.96000,-0.000937
89992,20070222,63.74000,-0.003440
89992,20070223,63.64000,-0.001569
89992,20070226,63.15000,-0.007700
89992,20070227,61.00000,-0.034046
89992,20070228,61.27000,0.004426
89992,20070301,60.96900,-0.004913
89992,20070302,60.37900,-0.009677
89992,20070305,59.78500,-0.009838
89992,20070306,60.49000,0.011792
89992,20070307,60.51000,0.000331
89992,20070308,61.09000,0.009585
89992,20070309,61.10970,0.000322
89992,20070312,61.09000,-0.000322
89992,20070313,60.02000,-0.017515
89992,20070314,59.87000,-0.002499
89992,20070315,60.18000,0.005178
89992,20070316,59.93000,-0.004154
89992,20070319,60.57000,0.010679
89992,20070320,61.18250,0.010112
89992,20070321,62.05000,0.014179
89992,20070322,62.06000,0.000161
89992,20070323,62.13000,0.001128
89992,20070326,61.98000,-0.002414
89992,20070327,61.55000,-0.006938
89992,20070328,60.97000,-0.009423
89992,20070329,61.08000,0.001804
89992,20070330,61.10000,0.000327
89992,20070402,61.35000,0.004092
89992,20070403,62.04000,0.011247
89992,20070404,61.99000,-0.000806
89992,20070405,62.33000,0.005485
89992,20070409,62.40000,0.001123
89992,20070410,62.50000,0.001603
89992,20070411,62.16000,-0.005440
89992,20070412,62.49000,0.005309
89992,20070413,62.56000,0.001120
89992,20070416,63.12000,0.008951
89992,20070417,63.31000,0.003010
89992,20070418,63.25000,-0.000948
89992,20070419,63.06000,-0.003004
89992,20070420,63.48000,0.006660
89992,20070423,63.37000,-0.001733
89992,20070424,63.19000,-0.002840
89992,20070425,63.81000,0.009812
89992,20070426,63.96000,0.002351
89992,20070427,63.50000,-0.007192
89992,20070430,62.73000,-0.012126
89992,20070501,62.80000,0.001116
89992,20070502,63.47000,0.010669
89992,20070503,63.31100,-0.002505
89992,20070504,63.41000,0.001564
89992,20070507,63.45000,0.000631
89992,20070508,63.33000,-0.001891
89992,20070509,63.63000,0.004737
89992,20070510,62.92000,-0.011158
89992,20070511,63.22000,0.004768
89992,20070514,63.02000,-0.003164
89992,20070515,62.70000,-0.005078
89992,20070516,63.16000,0.007337
89992,20070517,63.20000,0.000633
89992,20070518,63.76000,0.008861
89992,20070521,63.94000,0.002823
89992,20070522,64.19000,0.003910
89992,20070523,64.36000,0.002648
89992,20070524,63.64000,-0.011187
89992,20070525,63.79000,0.002357
89992,20070529,63.88000,0.001411
89992,20070530,64.33000,0.007044
89992,20070531,64.54000,0.003264
89992,20070601,64.88000,0.005268
89992,20070604,65.10000,0.003391
89992,20070605,64.71990,-0.005839
89992,20070606,64.04000,-0.010505
89992,20070607,63.02000,-0.015928
89992,20070608,63.53010,0.008094
89992,20070611,63.45000,-0.001261
89992,20070612,62.84000,-0.009614
89992,20070613,63.39000,0.008752
89992,20070614,63.84000,0.007099
89992,20070615,64.23000,0.006109
89992,20070618,64.18000,-0.000778
89992,20070619,64.25000,0.001091
89992,20070620,63.96000,-0.004514
89992,20070621,63.87000,-0.001407
89992,20070622,63.50000,-0.005793
89992,20070625,63.15000,-0.005512
89992,20070626,62.97000,-0.002850
89992,20070627,63.56000,0.009370
89992,20070628,63.62990,0.001100
89992,20070629,63.47000,-0.002513
89992,20070702,63.89000,0.006617
89992,20070703,63.99000,0.001565
89992,20070705,64.39000,0.006251
89992,20070706,64.89350,0.007820
89992,20070709,64.74000,-0.002365
89992,20070710,63.52000,-0.018845
89992,20070711,63.76000,0.003778
89992,20070712,64.48600,0.011386
89992,20070713,64.80000,0.004869
89992,20070716,64.63000,-0.002624
89992,20070717,64.61000,-0.000309
89992,20070718,64.33000,-0.004334
89992,20070719,64.72000,0.006062
89992,20070720,63.88000,-0.012979
89992,20070723,63.88000,0.000000
89992,20070724,62.60000,-0.020038
89992,20070725,62.55000,-0.000799
89992,20070726,60.69000,-0.029736
89992,20070727,59.69000,-0.016477
89992,20070730,60.50000,0.013570
89992,20070731,59.83000,-0.011074
89992,20070801,59.82000,-0.000167
89992,20070802,60.18000,0.006018
89992,20070803,58.67000,-0.025091
89992,20070806,59.60000,0.015851
89992,20070807,59.98000,0.006376
89992,20070808,60.31000,0.005502
89992,20070809,59.11000,-0.019897
89992,20070810,59.22000,0.001861
89992,20070813,59.14000,-0.001351
89992,20070814,58.03000,-0.018769
89992,20070815,56.64000,-0.023953
89992,20070816,57.04000,0.007062
89992,20070817,57.89000,0.014902
89992,20070820,58.08000,0.003282
89992,20070821,58.36000,0.004821
89992,20070822,59.26000,0.015421
89992,20070823,58.98000,-0.004725
89992,20070824,59.77010,0.013396
89992,20070827,59.60990,-0.002680
89992,20070828,57.90000,-0.028685
89992,20070829,59.32000,0.024525
89992,20070830,59.19000,-0.002192
89992,20070831,59.98000,0.013347
89992,20070904,60.25000,0.004502
89992,20070905,59.43000,-0.013610
89992,20070906,59.56000,0.002187
89992,20070907,58.35000,-0.020316
89992,20070910,57.88000,-0.008055
89992,20070911,58.61000,0.012612
89992,20070912,58.52000,-0.001536
89992,20070913,59.22000,0.011962
89992,20070914,59.51000,0.004897
89992,20070917,59.12000,-0.006554
89992,20070918,60.99000,0.031631
89992,20070919,61.20000,0.003443
89992,20070920,60.44000,-0.012418
89992,20070921,60.41000,-0.000496
89992,20070924,59.96000,-0.007449
89992,20070925,59.46000,-0.008339
89992,20070926,59.93000,0.007904
89992,20070927,60.02000,0.001502
89992,20070928,59.85000,-0.002832
89992,20071001,60.79000,0.015706
89992,20071002,61.12000,0.005428
89992,20071003,61.13000,0.000164
89992,20071004,60.91000,-0.003599
89992,20071005,62.00000,0.017895
89992,20071008,61.82000,-0.002903
89992,20071009,61.91000,0.001456
89992,20071010,61.98000,0.001131
89992,20071011,61.58000,-0.006454
89992,20071012,61.69000,0.001786
89992,20071015,60.92000,-0.012482
89992,20071016,60.58000,-0.005581
89992,20071017,60.45000,-0.002146
89992,20071018,60.21000,-0.003970
89992,20071019,58.77000,-0.023916
89992,20071022,59.38000,0.010379
89992,20071023,59.63000,0.004210
89992,20071024,59.54000,-0.001509
89992,20071025,59.04000,-0.008398
89992,20071026,59.69000,0.011009
89992,20071029,60.01000,0.005361
89992,20071030,59.75000,-0.004333
89992,20071031,60.05000,0.005021
89992,20071101,58.47000,-0.026311
89992,20071102,58.14000,-0.005644
89992,20071105,57.56000,-0.009976
89992,20071106,58.02000,0.007992
89992,20071107,56.84000,-0.020338
89992,20071108,56.62000,-0.003871
89992,20071109,55.66000,-0.016955
89992,20071112,55.27000,-0.007007
89992,20071113,56.97000,0.030758
89992,20071114,55.96000,-0.017729
89992,20071115,55.55000,-0.007327
89992,20071116,55.67000,0.002160
89992,20071119,54.32000,-0.024250
89992,20071120,54.11000,-0.003866
89992,20071121,53.72800,-0.007060
89992,20071123,54.60000,0.016230
89992,20071126,53.30000,-0.023810
89992,20071127,54.17000,0.016323
89992,20071128,55.91000,0.032121
89992,20071129,55.72000,-0.003398
89992,20071130,56.44000,0.012922
89992,20071203,56.08000,-0.006378
89992,20071204,55.92000,-0.002853
89992,20071205,55.89000,-0.000536
89992,20071206,56.68000,0.014135
89992,20071207,56.83000,0.002646
89992,20071210,57.06000,0.004047
89992,20071211,55.15000,-0.033474
89992,20071212,55.31000,0.002901
89992,20071213,55.23000,-0.001446
89992,20071214,53.89000,-0.015933
89992,20071217,53.24000,-0.012062
89992,20071218,53.60000,0.006762
89992,20071219,53.20000,-0.007463
89992,20071220,53.56000,0.006767
89992,20071221,54.03000,0.008775
89992,20071224,54.54000,0.009439
89992,20071226,54.35000,-0.003484
89992,20071227,53.59000,-0.013983
89992,20071228,53.42000,-0.003172
89992,20071231,53.18000,-0.004493
89992,20080102,52.12000,-0.019932
89992,20080103,51.33000,-0.015157
89992,20080104,49.73000,-0.031171
89992,20080107,49.87000,0.002815
89992,20080108,48.82000,-0.021055
89992,20080109,49.10000,0.005735
89992,20080110,49.69000,0.012016
89992,20080111,48.36000,-0.026766
89992,20080114,48.77000,0.008478
89992,20080115,47.60000,-0.023990
89992,20080116,48.18000,0.012185
89992,20080117,47.30000,-0.018265
89992,20080118,47.34000,0.000846
89992,20080122,47.96000,0.013097
89992,20080123,49.88000,0.040033
89992,20080124,50.28000,0.008019
89992,20080125,49.26000,-0.020286
89992,20080128,50.33990,0.021923
89992,20080129,50.72000,0.007551
89992,20080130,50.26000,-0.009069
89992,20080131,51.99000,0.034421
89992,20080201,52.88000,0.017119
89992,20080204,51.72000,-0.021936
89992,20080205,50.40000,-0.025522
89992,20080206,49.81000,-0.011706
89992,20080207,50.72000,0.018269
89992,20080208,50.36000,-0.007098
89992,20080211,50.95000,0.011716
89992,20080212,51.22000,0.005299
89992,20080213,51.85000,0.012300
89992,20080214,51.03000,-0.015815
89992,20080215,51.12000,0.001764
89992,20080219,50.80000,-0.006260
89992,20080220,51.22000,0.008268
89992,20080221,50.28000,-0.018352
89992,20080222,50.84000,0.011138
89992,20080225,51.70000,0.016916
89992,20080226,52.44000,0.014313
89992,20080227,52.34000,-0.001907
89992,20080228,51.10000,-0.023691
89992,20080229,49.52000,-0.030920
89992,20080303,49.61000,0.001817
89992,20080304,49.61000,0.000000
89992,20080305,49.66000,0.001008
89992,20080306,48.24000,-0.028594
89992,20080307,47.81000,-0.008914
89992,20080310,47.03000,-0.016315
89992,20080311,48.47000,0.030619
89992,20080312,48.22000,-0.005158
89992,20080313,48.58000,0.007466
89992,20080314,47.66000,-0.018938
89992,20080317,46.89000,-0.016156
89992,20080318,48.75000,0.039667
89992,20080319,48.23000,-0.010667
89992,20080320,49.72000,0.030894
89992,20080324,51.40000,0.033789
89992,20080325,51.26000,-0.002724
89992,20080326,50.15000,-0.021654
89992,20080327,49.54000,-0.012164
89992,20080328,48.36000,-0.023819
89992,20080331,48.95000,0.012200
89992,20080401,51.08000,0.043514
89992,20080402,51.29000,0.004111
89992,20080403,51.22000,-0.001365
89992,20080404,50.99000,-0.004490
89992,20080407,50.84000,-0.002942
89992,20080408,50.64000,-0.003934
89992,20080409,49.57000,-0.021130
89992,20080410,49.99000,0.008473
89992,20080411,49.01000,-0.019604
89992,20080414,48.68000,-0.006733
89992,20080415,48.72000,0.000822
89992,20080416,49.56000,0.017241
89992,20080417,49.79000,0.004641
89992,20080418,50.72000,0.018678
89992,20080421,50.66000,-0.001183
89992,20080422,49.93000,-0.014410
89992,20080423,50.04000,0.002203
89992,20080424,50.81000,0.015388
89992,20080425,51.27000,0.009053
89992,20080428,51.33000,0.001170
89992,20080429,51.65000,0.006234
89992,20080430,51.11000,-0.010455
89992,20080501,52.63000,0.029740
89992,20080502,52.61000,-0.000380
89992,20080505,51.99000,-0.011785
89992,20080506,52.20000,0.004039
89992,20080507,51.44000,-0.014559
89992,20080508,51.34000,-0.001944
89992,20080509,51.16000,-0.003506
89992,20080512,52.16000,0.019547
89992,20080513,52.37000,0.004026
89992,20080514,52.89000,0.009929
89992,20080515,53.50000,0.011533
89992,20080516,53.13440,-0.006834
89992,20080519,52.87000,-0.004976
89992,20080520,52.11000,-0.014375
89992,20080521,51.06000,-0.020150
89992,20080522,51.17000,0.002154
89992,20080523,50.40000,-0.015048
89992,20080527,50.91000,0.010119
89992,20080528,51.24000,0.006482
89992,20080529,51.80000,0.010929
89992,20080530,51.56000,-0.004633
89992,20080602,51.02000,-0.010473
89992,20080603,51.01000,-0.000196
89992,20080604,51.20000,0.003725
89992,20080605,51.86400,0.012969
89992,20080606,50.02000,-0.035554
89992,20080609,49.73400,-0.005718
89992,20080610,49.87000,0.002735
89992,20080611,48.70700,-0.023321
89992,20080612,49.06000,0.007247
89992,20080613,50.27000,0.024664
89992,20080616,50.33000,0.001194
89992,20080617,49.73000,-0.011921
89992,20080618,48.77000,-0.019304
89992,20080619,49.32000,0.011277
89992,20080620,47.89000,-0.028994
89992,20080623,47.13000,-0.015870
89992,20080624,46.81000,-0.006790
89992,20080625,47.55000,0.015809
89992,20080626,45.94520,-0.033750
89992,20080627,45.64000,-0.006643
89992,20080630,45.04000,-0.013146
89992,20080701,45.02000,-0.000444
89992,20080702,44.20000,-0.018214
89992,20080703,44.14000,-0.001357
89992,20080707,43.84000,-0.006797
89992,20080708,44.97000,0.025776
89992,20080709,43.90000,-0.023794
89992,20080710,42.97000,-0.021185
89992,20080711,42.38400,-0.013637
89992,20080714,42.18000,-0.004813
89992,20080715,42.29000,0.002608
89992,20080716,44.11000,0.043036
89992,20080717,45.33000,0.027658
89992,20080718,45.09000,-0.005295
89992,20080721,44.69000,-0.008871
89992,20080722,45.85000,0.025957
89992,20080723,46.82000,0.021156
89992,20080724,45.41000,-0.030115
89992,20080725,45.17000,-0.005285
89992,20080728,44.06000,-0.024574
89992,20080729,45.53000,0.033364
89992,20080730,45.59000,0.001318
89992,20080731,45.27000,-0.007019
89992,20080801,45.13000,-0.003093
89992,20080804,45.18000,0.001108
89992,20080805,47.16000,0.043825
89992,20080806,47.01000,-0.003181
89992,20080807,46.15140,-0.018264
89992,20080808,48.25000,0.045472
89992,20080811,49.59000,0.027772
89992,20080812,48.95000,-0.012906
89992,20080813,48.18000,-0.015730
89992,20080814,49.08000,0.018680
89992,20080815,49.56600,0.009902
89992,20080818,48.62000,-0.019086
89992,20080819,47.53000,-0.022419
89992,20080820,47.27000,-0.005470
89992,20080821,47.38000,0.002327
89992,20080822,48.42000,0.021950
89992,20080825,47.32000,-0.022718
89992,20080826,47.36000,0.000845
89992,20080827,47.67000,0.006546
89992,20080828,48.77000,0.023075
89992,20080829,48.39000,-0.007792
89992,20080902,49.12000,0.015086
89992,20080903,49.49000,0.007533
89992,20080904,47.91000,-0.031926
89992,20080905,48.08000,0.003548
89992,20080908,49.78000,0.035358
89992,20080909,48.62000,-0.023303
89992,20080910,48.52000,-0.002057
89992,20080911,49.17000,0.013396
89992,20080912,48.81000,-0.007321
89992,20080915,47.41000,-0.028683
89992,20080916,47.70000,0.006117
89992,20080917,45.53000,-0.045493
89992,20080918,47.33000,0.039534
89992,20080919,48.29000,0.020283
89992,20080922,46.00000,-0.047422
89992,20080923,45.32000,-0.014783
89992,20080924,45.06000,-0.005737
89992,20080925,45.87000,0.017976
89992,20080926,46.16000,0.006322
89992,20080929,43.11000,-0.066075
89992,20080930,44.09000,0.022733
89992,20081001,43.88000,-0.004763
89992,20081002,41.97000,-0.043528
89992,20081003,40.55000,-0.033834
89992,20081006,39.26000,-0.031813
89992,20081007,36.83000,-0.061895
89992,20081008,36.30000,-0.014391
89992,20081009,34.06000,-0.061708
89992,20081010,33.66000,-0.011744
89992,20081013,36.35000,0.079917
89992,20081014,35.35920,-0.027257
89992,20081015,32.04000,-0.093871
89992,20081016,33.41000,0.042759
89992,20081017,33.58000,0.005088
89992,20081020,34.68000,0.032758
89992,20081021,33.66000,-0.029412
89992,20081022,31.58000,-0.061794
89992,20081023,31.27000,-0.009816
89992,20081024,29.93000,-0.042853
89992,20081027,29.11000,-0.027397
89992,20081028,32.33100,0.110649
89992,20081029,33.04000,0.021929
89992,20081030,33.80000,0.023002
89992,20081031,34.95000,0.034024
89992,20081103,34.40000,-0.015737
89992,20081104,35.47000,0.031105
89992,20081105,33.52000,-0.054976
89992,20081106,31.83000,-0.050418
89992,20081107,32.35000,0.016337
89992,20081110,31.44000,-0.028130
89992,20081111,30.58000,-0.027354
89992,20081112,28.66000,-0.062786
89992,20081113,30.56000,0.066294
89992,20081114,29.30000,-0.041230
89992,20081117,28.37000,-0.031741
89992,20081118,28.14320,-0.007994
89992,20081119,26.27000,-0.066560
89992,20081120,24.82990,-0.054819
89992,20081121,26.28000,0.058401
89992,20081124,28.32000,0.077626
89992,20081125,28.92000,0.021186
89992,20081126,30.67000,0.060512
89992,20081128,30.87400,0.006651
89992,20081201,28.16000,-0.087906
89992,20081202,29.39000,0.043679
89992,20081203,30.66000,0.043212
89992,20081204,30.65000,-0.000326
89992,20081205,31.82000,0.038173
89992,20081208,32.89000,0.033627
89992,20081209,31.99880,-0.027096
89992,20081210,32.75000,0.023476
89992,20081211,31.42000,-0.040611
89992,20081212,31.52000,0.003183
89992,20081215,31.17000,-0.011104
89992,20081216,32.88000,0.054860
89992,20081217,33.36000,0.014599
89992,20081218,32.76000,-0.017986
89992,20081219,32.71000,-0.001526
89992,20081222,30.94200,-0.030021
89992,20081223,30.60000,-0.011053
89992,20081224,30.77600,0.005752
89992,20081226,30.97000,0.006304
89992,20081229,30.53600,-0.014014
89992,20081230,31.58000,0.034189
89992,20081231,32.24000,0.020899
89992,20090102,33.57000,0.041253
89992,20090105,33.62000,0.001489
89992,20090106,34.16000,0.016062
89992,20090107,33.04000,-0.032787
89992,20090108,33.25000,0.006356
89992,20090109,32.26000,-0.029774
89992,20090112,31.40000,-0.026658
89992,20090113,31.06000,-0.010828
89992,20090114,29.93000,-0.036381
89992,20090115,30.57000,0.021383
89992,20090116,31.02000,0.014720
89992,20090120,29.07000,-0.062863
89992,20090121,30.08000,0.034744
89992,20090122,29.72000,-0.011968
89992,20090123,29.68000,-0.001346
89992,20090126,29.81000,0.004380
89992,20090127,29.93000,0.004026
89992,20090128,31.10000,0.039091
89992,20090129,29.91000,-0.038264
89992,20090130,28.95000,-0.032096
89992,20090202,28.91000,-0.001382
89992,20090203,29.66000,0.025943
89992,20090204,29.01000,-0.021915
89992,20090205,29.51000,0.017235
89992,20090206,30.42000,0.030837
89992,20090209,30.35000,-0.002301
89992,20090210,29.01000,-0.044152
89992,20090211,29.06000,0.001724
89992,20090212,29.18000,0.004129
89992,20090213,28.81000,-0.012680
89992,20090217,27.78000,-0.035751
89992,20090218,27.47000,-0.011159
89992,20090219,27.26000,-0.007645
89992,20090220,27.12000,-0.005136
89992,20090223,26.41000,-0.026180
89992,20090224,27.59000,0.044680
89992,20090225,27.33000,-0.009424
89992,20090226,26.80000,-0.019393
89992,20090227,26.77000,-0.001119
89992,20090302,25.68000,-0.040717
89992,20090303,25.37000,-0.012072
89992,20090304,25.94000,0.022467
89992,20090305,24.82000,-0.043177
89992,20090306,24.61000,-0.008461
89992,20090309,24.27000,-0.013816
89992,20090310,25.99000,0.070869
89992,20090311,26.31000,0.012312
89992,20090312,27.42000,0.042189
89992,20090313,27.63000,0.007659
89992,20090316,27.15000,-0.017372
89992,20090317,28.39000,0.045672
89992,20090318,29.27000,0.030997
89992,20090319,29.02000,-0.008541
89992,20090320,28.40000,-0.021365
89992,20090323,30.38000,0.069718
89992,20090324,29.99000,-0.012837
89992,20090325,30.27000,0.009336
89992,20090326,31.51000,0.040965
89992,20090327,30.92000,-0.018724
89992,20090330,29.86000,-0.034282
89992,20090331,30.11000,0.008372
89992,20090401,30.76300,0.021687
89992,20090402,32.34000,0.051263
89992,20090403,32.79000,0.013915
89992,20090406,32.44000,-0.010674
89992,20090407,31.37000,-0.032984
89992,20090408,32.22000,0.027096
89992,20090409,33.67000,0.045003
89992,20090413,33.63000,-0.001188
89992,20090414,32.87000,-0.022599
89992,20090415,33.08000,0.006389
89992,20090416,34.28000,0.036276
89992,20090417,34.78000,0.014586
89992,20090420,33.33000,-0.041691
89992,20090421,34.04000,0.021302
89992,20090422,34.34000,0.008813
89992,20090423,34.44000,0.002912
89992,20090424,35.28000,0.024390
89992,20090427,34.69000,-0.016723
89992,20090428,34.80000,0.003171
89992,20090429,35.50000,0.020115
89992,20090430,35.98000,0.013521
89992,20090501,35.79000,-0.005281
89992,20090504,37.04000,0.034926
89992,20090505,37.19000,0.004050
89992,20090506,37.37000,0.004840
89992,20090507,36.54000,-0.022210
89992,20090508,36.96000,0.011494
89992,20090511,36.35000,-0.016504
89992,20090512,35.49000,-0.023659
89992,20090513,34.16000,-0.037475
89992,20090514,34.54000,0.011124
89992,20090515,34.31000,-0.006659
89992,20090518,35.85000,0.044885
89992,20090519,35.80000,-0.001395
89992,20090520,35.46000,-0.009497
89992,20090521,34.72000,-0.020869
89992,20090522,34.72000,0.000000
89992,20090526,36.10000,0.039746
89992,20090527,35.33000,-0.021330
89992,20090528,35.22000,-0.003114
89992,20090529,35.87000,0.018455
89992,20090601,37.46000,0.044327
89992,20090602,37.78000,0.008542
89992,20090603,37.29000,-0.012970
89992,20090604,37.31000,0.000536
89992,20090605,37.27000,-0.001072
89992,20090608,37.36000,0.002415
89992,20090609,37.71000,0.009368
89992,20090610,37.31000,-0.010607
89992,20090611,36.95000,-0.009649
89992,20090612,37.00000,0.001353
89992,20090615,36.18000,-0.022162
89992,20090616,35.37000,-0.022388
89992,20090617,35.66000,0.008199
89992,20090618,35.62600,-0.000953
89992,20090619,35.93000,0.008533
89992,20090622,34.91000,-0.028389
89992,20090623,34.60010,-0.008877
89992,20090624,34.88000,0.008090
89992,20090625,35.98000,0.031537
89992,20090626,35.89600,-0.002335
89992,20090629,36.24000,0.009583
89992,20090630,36.07000,-0.004691
89992,20090701,36.36000,0.008040
89992,20090702,35.01000,-0.037129
89992,20090706,34.89000,-0.003428
89992,20090707,34.10000,-0.022643
89992,20090708,34.29000,0.005572
89992,20090709,34.46000,0.004958
89992,20090710,34.44000,-0.000580
89992,20090713,35.05000,0.017712
89992,20090714,35.60000,0.015692
89992,20090715,36.71010,0.031183
89992,20090716,37.20000,0.013345
89992,20090717,37.19000,-0.000269
89992,20090720,38.00000,0.021780
89992,20090721,37.91990,-0.002108
89992,20090722,38.28990,0.009757
89992,20090723,39.22000,0.024291
89992,20090724,39.24000,0.000510
89992,20090727,39.28000,0.001019
89992,20090728,39.30000,0.000509
89992,20090729,38.98000,-0.008142
89992,20090730,39.61000,0.016162
89992,20090731,39.71000,0.002525
89992,20090803,40.51000,0.020146
89992,20090804,40.59000,0.001975
89992,20090805,40.48000,-0.002710
89992,20090806,40.40000,-0.001976
89992,20090807,41.73000,0.032921
89992,20090810,41.30000,-0.010304
89992,20090811,40.89000,-0.009927
89992,20090812,41.23000,0.008315
89992,20090813,41.37000,0.003396
89992,20090814,40.67000,-0.016920
89992,20090817,39.44000,-0.030243
89992,20090818,39.94200,0.012728
89992,20090819,40.34000,0.009964
89992,20090820,40.74000,0.009916
89992,20090821,41.58000,0.020619
89992,20090824,41.24000,-0.008177
89992,20090825,41.71000,0.011397
89992,20090826,41.94000,0.005514
89992,20090827,42.08000,0.003338
89992,20090828,42.08000,0.000000
89992,20090831,41.36000,-0.017110
89992,20090901,40.53000,-0.020068
89992,20090902,40.26000,-0.006662
89992,20090903,40.92000,0.016393
89992,20090904,41.51900,0.014638
89992,20090908,41.97000,0.010863
89992,20090909,42.48000,0.012151
89992,20090910,43.02000,0.012712
89992,20090911,42.90000,-0.002789
89992,20090914,43.09000,0.004429
89992,20090915,43.41000,0.007426
89992,20090916,44.23000,0.018890
89992,20090917,44.02000,-0.004748
89992,20090918,44.30000,0.006361
89992,20090921,44.11000,-0.004289
89992,20090922,44.36000,0.005668
89992,20090923,43.67850,-0.015363
89992,20090924,43.20000,-0.010955
89992,20090925,42.91000,-0.006713
89992,20090928,43.71000,0.018644
89992,20090929,43.89000,0.004118
89992,20090930,43.71000,-0.004101
89992,20091001,42.61000,-0.025166
89992,20091002,42.05000,-0.013142
89992,20091005,42.89000,0.019976
89992,20091006,43.66200,0.018000
89992,20091007,43.58000,-0.001878
89992,20091008,44.31200,0.016797
89992,20091009,44.38000,0.001535
89992,20091012,44.43000,0.001127
89992,20091013,44.50000,0.001576
89992,20091014,45.25000,0.016854
89992,20091015,45.31000,0.001326
89992,20091016,44.96000,-0.007725
89992,20091019,45.64800,0.015302
89992,20091020,45.09000,-0.012224
89992,20091021,44.52000,-0.012641
89992,20091022,45.25000,0.016397
89992,20091023,44.89000,-0.007956
89992,20091026,44.58000,-0.006906
89992,20091027,43.67400,-0.020323
89992,20091028,42.34000,-0.030544
89992,20091029,43.49000,0.027161
89992,20091030,42.34000,-0.026443
89992,20091102,42.64000,0.007085
89992,20091103,42.84000,0.004690
89992,20091104,42.74000,-0.002334
89992,20091105,43.89000,0.026907
89992,20091106,44.27700,0.008818
89992,20091109,45.21000,0.021072
89992,20091110,45.27000,0.001327
89992,20091111,45.54000,0.005964
89992,20091112,45.01000,-0.011638
89992,20091113,45.63000,0.013775
89992,20091116,46.40000,0.016875
89992,20091117,46.15000,-0.005388
89992,20091118,46.07000,-0.001734
89992,20091119,45.36000,-0.015411
89992,20091120,45.10000,-0.005732
89992,20091123,45.49000,0.008648
89992,20091124,45.35000,-0.003078
89992,20091125,45.81000,0.010143
89992,20091127,45.15000,-0.014407
89992,20091130,45.00000,-0.003322
89992,20091201,45.60000,0.013333
89992,20091202,45.78000,0.003947
89992,20091203,45.34000,-0.009611
89992,20091204,45.79000,0.009925
89992,20091207,45.93000,0.003057
89992,20091208,45.61340,-0.006893
89992,20091209,45.56000,-0.001171
89992,20091210,46.10000,0.011852
89992,20091211,46.60000,0.010846
89992,20091214,47.09000,0.010515
89992,20091215,46.89000,-0.004247
89992,20091216,47.07000,0.003839
89992,20091217,46.56000,-0.010835
89992,20091218,46.66000,0.002148
89992,20091221,47.33000,0.014359
89992,20091222,46.98600,0.001965
89992,20091223,47.26000,0.005831
89992,20091224,47.31000,0.001058
89992,20091228,47.28000,-0.000634
89992,20091229,47.39000,0.002327
89992,20091230,47.20000,-0.004009
89992,20091231,46.77000,-0.009110
89992,20100104,47.14000,0.007911
89992,20100105,47.44000,0.006364
89992,20100106,47.49000,0.001054
89992,20100107,47.90000,0.008633
89992,20100108,47.94000,0.000835
89992,20100111,47.88000,-0.001252
89992,20100112,47.22000,-0.013784
89992,20100113,47.76000,0.011436
89992,20100114,47.77000,0.000209
89992,20100115,47.36000,-0.008583
89992,20100119,47.83250,0.009977
89992,20100120,47.31200,-0.010882
89992,20100121,46.70000,-0.012935
89992,20100122,45.81010,-0.019056
89992,20100125,46.02000,0.004582
89992,20100126,46.02000,0.000000
89992,20100127,46.17000,0.003259
89992,20100128,45.91000,-0.005631
89992,20100129,45.59000,-0.006970
89992,20100201,46.09000,0.010967
89992,20100202,46.84400,0.016359
89992,20100203,46.85000,0.000128
89992,20100204,45.41000,-0.030736
89992,20100205,45.19000,-0.004845
89992,20100208,45.06220,-0.002828
89992,20100209,45.67000,0.013488
89992,20100210,45.50100,-0.003700
89992,20100211,46.05000,0.012066
89992,20100212,46.15000,0.002172
89992,20100216,46.88000,0.015818
89992,20100217,47.30000,0.008959
89992,20100218,47.56000,0.005497
89992,20100219,47.75000,0.003995
89992,20100222,47.74000,-0.000209
89992,20100223,47.38000,-0.007541
89992,20100224,48.05000,0.014141
89992,20100225,48.08000,0.000624
89992,20100226,48.29000,0.004368
89992,20100301,49.07810,0.016320
89992,20100302,49.02000,-0.001184
89992,20100303,49.10000,0.001632
89992,20100304,49.53000,0.008758
89992,20100305,50.34000,0.016354
89992,20100308,50.56000,0.004370
89992,20100309,50.58000,0.000396
89992,20100310,50.84000,0.005140
89992,20100311,51.07000,0.004524
89992,20100312,51.22000,0.002937
89992,20100315,51.21000,-0.000195
89992,20100316,51.59000,0.007420
89992,20100317,51.82000,0.004458
89992,20100318,51.76760,-0.001011
89992,20100319,51.40000,-0.007101
89992,20100322,52.16000,0.014786
89992,20100323,52.51000,0.006710
89992,20100324,52.26000,-0.004761
89992,20100325,52.45000,0.003636
89992,20100326,52.69000,0.004576
89992,20100329,52.67000,-0.000380
89992,20100330,52.72000,0.000949
89992,20100331,52.35000,-0.007018
89992,20100401,52.73000,0.007259
89992,20100405,53.45000,0.013654
89992,20100406,53.61000,0.002993
89992,20100407,53.34000,-0.005036
89992,20100408,53.83000,0.009186
89992,20100409,54.26000,0.007988
89992,20100412,54.34000,0.001474
89992,20100413,54.67000,0.006073
89992,20100414,55.49000,0.014999
89992,20100415,55.71000,0.003965
89992,20100416,54.95990,-0.013464
89992,20100419,54.95000,-0.000180
89992,20100420,55.60000,0.011829
89992,20100421,56.02000,0.007554
89992,20100422,57.01990,0.017849
89992,20100423,57.33000,0.005438
89992,20100426,57.57000,0.004186
89992,20100427,55.87010,-0.029528
89992,20100428,55.74000,-0.002329
89992,20100429,56.88000,0.020452
89992,20100430,55.64000,-0.021800
89992,20100503,56.83000,0.021388
89992,20100504,55.11000,-0.030266
89992,20100505,54.26000,-0.015424
89992,20100506,52.36000,-0.035017
89992,20100507,51.26000,-0.021008
89992,20100510,53.93000,0.052087
89992,20100511,54.01000,0.001483
89992,20100512,54.95000,0.017404
89992,20100513,53.82000,-0.020564
89992,20100514,52.78250,-0.019277
89992,20100517,53.17000,0.007341
89992,20100518,52.17000,-0.018808
89992,20100519,51.80000,-0.007092
89992,20100520,49.71000,-0.040347
89992,20100521,50.56000,0.017099
89992,20100524,50.20000,-0.007120
89992,20100525,50.57000,0.007370
89992,20100526,50.42010,-0.002964
89992,20100527,52.31510,0.037584
89992,20100528,51.64000,-0.012905
89992,20100601,50.81000,-0.016073
89992,20100602,51.88000,0.021059
89992,20100603,52.27000,0.007517
89992,20100604,50.13000,-0.040941
89992,20100607,49.00000,-0.022541
89992,20100608,49.35000,0.007143
89992,20100609,49.39080,0.000827
89992,20100610,51.04000,0.033391
89992,20100611,51.18800,0.002900
89992,20100614,51.47000,0.005509
89992,20100615,52.64000,0.022732
89992,20100616,52.32000,-0.006079
89992,20100617,52.02000,-0.005734
89992,20100618,51.88000,-0.002691
89992,20100621,51.34000,-0.010409
89992,20100622,50.15000,-0.023179
89992,20100623,50.21220,0.001240
89992,20100624,48.97000,-0.024739
89992,20100625,49.20000,0.004697
89992,20100628,48.88000,-0.006504
89992,20100629,46.98000,-0.038871
89992,20100630,46.44500,-0.011388
89992,20100701,46.72000,0.005921
89992,20100702,46.22000,-0.010702
89992,20100706,46.02760,-0.004163
89992,20100707,47.42000,0.030251
89992,20100708,47.85000,0.009068
89992,20100709,48.41000,0.011703
89992,20100712,48.30000,-0.002272
89992,20100713,49.62000,0.027329
89992,20100714,49.37000,-0.005038
89992,20100715,49.50000,0.002633
89992,20100716,47.69000,-0.036566
89992,20100719,48.07000,0.007968
89992,20100720,48.88000,0.016850
89992,20100721,48.01000,-0.017799
89992,20100722,49.53000,0.031660
89992,20100723,50.29000,0.015344
89992,20100726,51.08000,0.015709
89992,20100727,50.48000,-0.011746
89992,20100728,50.07000,-0.008122
89992,20100729,49.82000,-0.004993
89992,20100730,50.18000,0.007226
89992,20100802,51.24000,0.021124
89992,20100803,50.46000,-0.015223
89992,20100804,51.21000,0.014863
89992,20100805,51.21000,0.000000
89992,20100806,50.95010,-0.005075
89992,20100809,51.45220,0.009855
89992,20100810,50.87000,-0.011315
89992,20100811,49.45000,-0.027914
89992,20100812,49.34000,-0.002224
89992,20100813,48.76000,-0.011755
89992,20100816,48.76000,0.000000
89992,20100817,49.51000,0.015381
89992,20100818,50.02000,0.010301
89992,20100819,49.08000,-0.018792
89992,20100820,48.97000,-0.002241
89992,20100823,48.52560,-0.009075
89992,20100824,47.67000,-0.017632
89992,20100825,48.20000,0.011118
89992,20100826,47.87810,-0.006678
89992,20100827,48.70000,0.017166
89992,20100830,47.77000,-0.019097
89992,20100831,47.78000,0.000209
89992,20100901,49.51000,0.036208
89992,20100902,50.49000,0.019794
89992,20100903,51.23000,0.014656
89992,20100907,50.42000,-0.015811
89992,20100908,50.78000,0.007140
89992,20100909,50.81000,0.000591
89992,20100910,51.23000,0.008266
89992,20100913,51.88000,0.012688
89992,20100914,52.02000,0.002699
89992,20100915,52.14000,0.002307
89992,20100916,52.09000,-0.000959
89992,20100917,52.25000,0.003072
89992,20100920,53.28000,0.019713
89992,20100921,53.05000,-0.004317
89992,20100922,52.69000,-0.006786
89992,20100923,52.43000,-0.004934
89992,20100924,53.81000,0.026321
89992,20100927,53.57000,-0.004460
89992,20100928,54.06000,0.009147
89992,20100929,53.80000,-0.004810
89992,20100930,53.72000,-0.001487
89992,20101001,53.82000,0.001861
89992,20101004,53.59000,-0.004273
89992,20101005,54.72000,0.021086
89992,20101006,54.37000,-0.006396
89992,20101007,54.52000,0.002759
89992,20101008,55.17000,0.011922
89992,20101011,55.33000,0.002900
89992,20101012,55.50000,0.003072
89992,20101013,55.65000,0.002703
89992,20101014,55.41000,-0.004313
89992,20101015,55.73000,0.005775
89992,20101018,55.69000,-0.000718
89992,20101019,54.81100,-0.015784
89992,20101020,55.47000,0.012023
89992,20101021,55.73000,0.004687
89992,20101022,56.07000,0.006101
89992,20101025,56.40000,0.005886
89992,20101026,56.71000,0.005496
89992,20101027,56.38000,-0.005819
89992,20101028,56.58000,0.003547
89992,20101029,56.63000,0.000884
89992,20101101,56.52000,-0.001942
89992,20101102,57.26000,0.013093
89992,20101103,57.46000,0.003493
89992,20101104,58.42000,0.016707
89992,20101105,58.76000,0.005820
89992,20101108,58.75000,-0.000170
89992,20101109,58.16010,-0.010041
89992,20101110,58.60600,0.007667
89992,20101111,58.59000,-0.000273
89992,20101112,57.89000,-0.011947
89992,20101115,57.77000,-0.002073
89992,20101116,56.97000,-0.013848
89992,20101117,57.47000,0.008777
89992,20101118,58.05000,0.010092
89992,20101119,58.41000,0.006202
89992,20101122,58.71000,0.005136
89992,20101123,57.98000,-0.012434
89992,20101124,59.16000,0.020352
89992,20101126,58.95000,-0.003550
89992,20101129,58.62000,-0.005598
89992,20101130,58.49000,-0.002218
89992,20101201,59.61900,0.019302
89992,20101202,60.33200,0.011959
89992,20101203,60.54000,0.003448
89992,20101206,60.62000,0.001321
89992,20101207,60.60200,-0.000297
89992,20101208,60.55000,-0.000858
89992,20101209,60.60720,0.000945
89992,20101210,60.89600,0.004765
89992,20101213,60.51600,-0.006240
89992,20101214,60.43000,-0.001421
89992,20101215,60.20000,-0.003806
89992,20101216,60.72000,0.008638
89992,20101217,60.84000,0.001976
89992,20101220,61.19000,0.005753
89992,20101221,61.50000,0.005066
89992,20101222,60.97000,0.001138
89992,20101223,60.77000,-0.003280
89992,20101227,60.64000,-0.002139
89992,20101228,60.43000,-0.003463
89992,20101229,60.62000,0.003144
89992,20101230,60.64000,0.000330
89992,20101231,60.47000,-0.002803
89992,20110103,61.19000,0.011907
89992,20110104,60.78000,-0.006700
89992,20110105,61.29000,0.008391
89992,20110106,60.91000,-0.006200
89992,20110107,60.80000,-0.001806
89992,20110110,60.83600,0.000592
89992,20110111,60.71500,-0.001989
89992,20110112,60.94000,0.003706
89992,20110113,60.78100,-0.002609
89992,20110114,61.22000,0.007223
89992,20110118,61.28000,0.000980
89992,20110119,60.55000,-0.011913
89992,20110120,60.63000,0.001321
89992,20110121,60.65000,0.000330
89992,20110124,60.99000,0.005606
89992,20110125,60.93000,-0.000984
89992,20110126,61.12000,0.003118
89992,20110127,61.63000,0.008344
89992,20110128,59.78800,-0.029888
89992,20110131,59.89000,0.001706
89992,20110201,60.72000,0.013859
89992,20110202,60.48000,-0.003953
89992,20110203,61.19000,0.011739
89992,20110204,61.57000,0.006210
89992,20110207,61.96000,0.006334
89992,20110208,62.68000,0.011620
89992,20110209,62.96000,0.004467
89992,20110210,63.14000,0.002859
89992,20110211,63.77000,0.009978
89992,20110214,63.60000,-0.002666
89992,20110215,63.54000,-0.000943
89992,20110216,64.13000,0.009285
89992,20110217,64.28000,0.002339
89992,20110218,64.47000,0.002956
89992,20110222,62.87600,-0.024725
89992,20110223,61.89000,-0.015682
89992,20110224,62.11000,0.003555
89992,20110225,62.94800,0.013492
89992,20110228,63.22000,0.004321
89992,20110301,62.07000,-0.018190
89992,20110302,62.37000,0.004833
89992,20110303,63.48000,0.017797
89992,20110304,63.00000,-0.007561
89992,20110307,62.36000,-0.010159
89992,20110308,62.89000,0.008499
89992,20110309,63.07000,0.002862
89992,20110310,62.30000,-0.012209
89992,20110311,62.61000,0.004976
89992,20110314,61.97000,-0.010222
89992,20110315,61.42000,-0.008875
89992,20110316,60.49000,-0.015142
89992,20110317,60.64000,0.002480
89992,20110318,60.64000,0.000000
89992,20110321,61.59000,0.015666
89992,20110322,61.06000,-0.008605
89992,20110323,61.64000,0.009499
89992,20110324,62.38000,0.012005
89992,20110325,62.64000,0.004168
89992,20110328,62.06000,-0.009259
89992,20110329,62.58000,0.008379
89992,20110330,63.40000,0.013103
89992,20110331,63.14000,-0.004101
89992,20110401,63.59000,0.007127
89992,20110404,63.73000,0.002202
89992,20110405,64.07000,0.005335
89992,20110406,63.99460,-0.001177
89992,20110407,63.77000,-0.003510
89992,20110408,63.37280,-0.006229
89992,20110411,63.24300,-0.002048
89992,20110412,63.07000,-0.002735
89992,20110413,63.32000,0.003964
89992,20110414,63.15000,-0.002685
89992,20110415,63.52000,0.005859
89992,20110418,62.97000,-0.008659
89992,20110419,63.16000,0.003017
89992,20110420,64.29000,0.017891
89992,20110421,64.70000,0.006377
89992,20110425,64.60000,-0.001546
89992,20110426,64.77000,0.002632
89992,20110427,65.43360,0.010246
89992,20110428,65.66000,0.003460
89992,20110429,65.68000,0.000305
89992,20110502,65.67000,-0.000152
89992,20110503,65.38000,-0.004416
89992,20110504,65.13000,-0.003824
89992,20110505,65.01000,-0.001842
89992,20110506,65.15000,0.002154
89992,20110509,65.24000,0.001381
89992,20110510,66.15000,0.013949
89992,20110511,65.68000,-0.007105
89992,20110512,66.21000,0.008069
89992,20110513,65.73000,-0.007250
89992,20110516,64.79000,-0.014301
89992,20110517,64.71000,-0.001235
89992,20110518,65.50000,0.012208
89992,20110519,65.71000,0.003206
89992,20110520,65.10000,-0.009283
89992,20110523,64.41000,-0.010599
89992,20110524,64.10000,-0.004813
89992,20110525,64.24000,0.002184
89992,20110526,64.86000,0.009651
89992,20110527,65.12800,0.004132
89992,20110531,65.51000,0.005865
89992,20110601,64.06000,-0.022134
89992,20110602,63.87000,-0.002966
89992,20110603,62.96000,-0.014248
89992,20110606,62.18000,-0.012389
89992,20110607,62.26000,0.001287
89992,20110608,61.65000,-0.009798
89992,20110609,62.19000,0.008759
89992,20110610,61.05000,-0.018331
89992,20110613,60.99000,-0.000983
89992,20110614,62.12000,0.018528
89992,20110615,61.24000,-0.014166
89992,20110616,61.06100,-0.002923
89992,20110617,61.49000,0.007026
89992,20110620,62.10000,0.009920
89992,20110621,63.44000,0.021578
89992,20110622,62.91000,-0.008354
89992,20110623,63.34000,0.006835
89992,20110624,62.63000,-0.011209
89992,20110627,63.39000,0.012135
89992,20110628,64.60000,0.019088
89992,20110629,64.84000,0.003715
89992,20110630,65.41000,0.008791
89992,20110701,66.62000,0.018499
89992,20110705,66.90000,0.004203
89992,20110706,66.74000,-0.002392
89992,20110707,67.74000,0.014984
89992,20110708,67.26000,-0.007086
89992,20110711,65.90000,-0.020220
89992,20110712,65.66000,-0.003642
89992,20110713,66.09000,0.006549
89992,20110714,65.49000,-0.009079
89992,20110715,65.56000,0.001069
89992,20110718,64.77700,-0.011943
89992,20110719,66.10000,0.020424
89992,20110720,65.69000,-0.006203
89992,20110721,66.48000,0.012026
89992,20110722,66.68000,0.003008
89992,20110725,66.21000,-0.007049
89992,20110726,66.07000,-0.002114
89992,20110727,64.77000,-0.019676
89992,20110728,64.44880,-0.004959
89992,20110729,64.20000,-0.003860
89992,20110801,63.88000,-0.004984
89992,20110802,61.46000,-0.037884
89992,20110803,61.98000,0.008461
89992,20110804,58.84000,-0.050661
89992,20110805,58.56000,-0.004759
89992,20110808,54.37000,-0.071551
89992,20110809,56.85000,0.045613
89992,20110810,54.85000,-0.035180
89992,20110811,57.29000,0.044485
89992,20110812,57.96000,0.011695
89992,20110815,58.91000,0.016391
89992,20110816,58.54000,-0.006281
89992,20110817,58.26000,-0.004783
89992,20110818,55.34000,-0.050120
89992,20110819,54.33000,-0.018251
89992,20110822,54.44000,0.002025
89992,20110823,56.56000,0.038942
89992,20110824,57.54900,0.017486
89992,20110825,56.46000,-0.018923
89992,20110826,57.74000,0.022671
89992,20110829,59.72000,0.034292
89992,20110830,60.04000,0.005358
89992,20110831,60.30000,0.004330
89992,20110901,59.43000,-0.014428
89992,20110902,57.74000,-0.028437
89992,20110906,57.45500,-0.004936
89992,20110907,59.15000,0.029501
89992,20110908,58.35000,-0.013525
89992,20110909,56.81000,-0.026392
89992,20110912,57.38000,0.010033
89992,20110913,58.15000,0.013419
89992,20110914,59.19000,0.017885
89992,20110915,60.11000,0.015543
89992,20110916,60.61000,0.008318
89992,20110919,60.54000,-0.001155
89992,20110920,60.12000,-0.006938
89992,20110921,58.25000,-0.031104
89992,20110922,56.33000,-0.032961
89992,20110923,57.21000,0.015622
89992,20110926,58.49000,0.022374
89992,20110927,58.96000,0.008036
89992,20110928,57.82000,-0.019335
89992,20110929,57.41000,-0.007091
89992,20110930,55.76000,-0.028741
89992,20111003,53.86000,-0.034075
89992,20111004,55.77000,0.035462
89992,20111005,56.81000,0.018648
89992,20111006,58.21000,0.024644
89992,20111007,57.97000,-0.004123
89992,20111010,60.00000,0.035018
89992,20111011,60.35000,0.005833
89992,20111012,61.07000,0.011930
89992,20111013,60.87000,-0.003275
89992,20111014,61.96000,0.017907
89992,20111017,60.75000,-0.019529
89992,20111018,61.81000,0.017449
89992,20111019,60.88000,-0.015046
89992,20111020,61.14000,0.004271
89992,20111021,62.80000,0.027151
89992,20111024,64.01000,0.019268
89992,20111025,62.49000,-0.023746
89992,20111026,62.53000,0.000640
89992,20111027,64.33000,0.028786
89992,20111028,63.95000,-0.005907
89992,20111031,62.99000,-0.015012
89992,20111101,61.42000,-0.024925
89992,20111102,62.21000,0.012862
89992,20111103,62.97000,0.012217
89992,20111104,62.69000,-0.004447
89992,20111107,62.94000,0.003988
89992,20111108,63.63000,0.010963
89992,20111109,61.32400,-0.036241
89992,20111110,61.73000,0.006621
89992,20111111,63.17000,0.023327
89992,20111114,62.84000,-0.005224
89992,20111115,63.12000,0.004456
89992,20111116,61.85000,-0.020120
89992,20111117,60.87000,-0.015845
89992,20111118,60.73000,-0.002300
89992,20111121,59.85000,-0.014490
89992,20111122,59.68000,-0.002840
89992,20111123,58.50000,-0.019772
89992,20111125,58.12000,-0.006496
89992,20111128,59.94000,0.031315
89992,20111129,60.09000,0.002503
89992,20111130,62.11000,0.033616
89992,20111201,62.07000,-0.000644
89992,20111202,62.65000,0.009344
89992,20111205,63.21000,0.008939
89992,20111206,63.05000,-0.002531
89992,20111207,63.32000,0.004282
89992,20111208,61.97000,-0.021320
89992,20111209,63.00000,0.016621
89992,20111212,62.68000,-0.005079
89992,20111213,61.31000,-0.021857
89992,20111214,60.53000,-0.012722
89992,20111215,60.69000,0.002643
89992,20111216,60.87000,0.002966
89992,20111219,60.05400,-0.013406
89992,20111220,61.83000,0.029573
89992,20111221,61.23000,0.004092
89992,20111222,61.41000,0.002940
89992,20111223,62.09000,0.011073
89992,20111227,62.28000,0.003060
89992,20111228,61.44000,-0.013487
89992,20111229,62.10000,0.010742
89992,20111230,61.81000,-0.004670
89992,20120103,62.37000,0.009060
89992,20120104,62.75000,0.006093
89992,20120105,63.24000,0.007809
89992,20120106,63.32000,0.001265
89992,20120109,63.37000,0.000790
89992,20120110,63.89000,0.008206
89992,20120111,64.11000,0.003443
89992,20120112,64.41000,0.004680
89992,20120113,64.19000,-0.003416
89992,20120117,64.41000,0.003427
89992,20120118,65.41000,0.015526
89992,20120119,66.02000,0.009326
89992,20120120,65.60000,-0.006362
89992,20120123,65.50000,-0.001524
89992,20120124,65.76000,0.003969
89992,20120125,66.31000,0.008364
89992,20120126,66.14000,-0.002564
89992,20120127,66.14000,0.000000
89992,20120130,65.95000,-0.002873
89992,20120131,65.81000,-0.002123
89992,20120201,66.28000,0.007142
89992,20120202,66.27000,-0.000151
89992,20120203,67.65000,0.020824
89992,20120206,67.61000,-0.000591
89992,20120207,67.87000,0.003846
89992,20120208,67.98000,0.001621
89992,20120209,68.17000,0.002795
89992,20120210,67.77000,-0.005868
89992,20120213,68.30000,0.007821
89992,20120214,68.22000,-0.001171
89992,20120215,67.95000,-0.003958
89992,20120216,68.59000,0.009419
89992,20120217,69.06000,0.006852
89992,20120221,68.79000,-0.003910
89992,20120222,68.51000,-0.004070
89992,20120223,68.95000,0.006422
89992,20120224,68.87000,-0.001160
89992,20120227,69.09000,0.003194
89992,20120228,69.55000,0.006658
89992,20120229,69.34000,-0.003020
89992,20120301,69.92000,0.008365
89992,20120302,69.70000,-0.003146
89992,20120305,69.60000,-0.001435
89992,20120306,68.49000,-0.015948
89992,20120307,69.23000,0.010805
89992,20120308,70.02000,0.011411
89992,20120309,70.52000,0.007141
89992,20120312,70.32000,-0.002836
89992,20120313,71.47000,0.016354
89992,20120314,71.32000,-0.002099
89992,20120315,71.63000,0.004347
89992,20120316,71.28000,-0.004886
89992,20120319,71.67000,0.005471
89992,20120320,71.71000,0.000558
89992,20120321,71.84000,0.001813
89992,20120322,71.66000,-0.002505
89992,20120323,71.76000,0.001395
89992,20120326,72.98000,0.017001
89992,20120327,72.76000,-0.003015
89992,20120328,72.09000,-0.009208
89992,20120329,72.04000,-0.000694
89992,20120330,72.20000,0.002221
89992,20120402,72.64000,0.006094
89992,20120403,72.46000,-0.002478
89992,20120404,71.66000,-0.011041
89992,20120405,72.16000,0.006977
89992,20120409,71.41400,-0.010338
89992,20120410,69.55000,-0.026101
89992,20120411,70.55000,0.014378
89992,20120412,71.51000,0.013607
89992,20120413,71.27000,-0.003356
89992,20120416,70.91000,-0.005051
89992,20120417,71.78000,0.012269
89992,20120418,71.87000,0.001254
89992,20120419,71.20000,-0.009322
89992,20120420,71.34000,0.001966
89992,20120423,70.49000,-0.011915
89992,20120424,70.28000,-0.002979
89992,20120425,71.54000,0.017928
89992,20120426,72.36900,0.011588
89992,20120427,73.20000,0.011483
89992,20120430,72.72000,-0.006557
89992,20120501,73.01000,0.003988
89992,20120502,73.57000,0.007670
89992,20120503,72.90000,-0.009107
89992,20120504,71.42000,-0.020302
89992,20120507,71.45000,0.000420
89992,20120508,70.56000,-0.012456
89992,20120509,70.21000,-0.004960
89992,20120510,70.52420,0.004475
89992,20120511,70.48000,-0.000627
89992,20120514,69.34000,-0.016175
89992,20120515,69.29000,-0.000721
89992,20120516,69.24000,-0.000722
89992,20120517,67.13000,-0.030474
89992,20120518,66.68000,-0.006703
89992,20120521,67.94000,0.018896
89992,20120522,68.19000,0.003680
89992,20120523,68.65000,0.006746
89992,20120524,68.94000,0.004224
89992,20120525,68.87750,-0.000907
89992,20120529,69.90000,0.014845
89992,20120530,68.67000,-0.017597
89992,20120531,68.41000,-0.003786
89992,20120601,66.16000,-0.032890
89992,20120604,66.30000,0.002116
89992,20120605,66.75000,0.006787
89992,20120606,68.24000,0.022322
89992,20120607,68.11000,-0.001905
89992,20120608,68.69000,0.008516
89992,20120611,67.51000,-0.017179
89992,20120612,68.31000,0.011850
89992,20120613,67.24000,-0.015664
89992,20120614,68.07330,0.012393
89992,20120615,68.76000,0.010088
89992,20120618,69.22000,0.006690
89992,20120619,70.01000,0.011413
89992,20120620,69.98000,-0.000428
89992,20120621,68.39000,-0.022721
89992,20120622,68.76000,0.005410
89992,20120625,67.62000,-0.016579
89992,20120626,68.29000,0.009908
89992,20120627,68.28000,-0.000146
89992,20120628,67.93000,-0.005126
89992,20120629,69.34000,0.020757
89992,20120702,69.65000,0.004471
89992,20120703,69.75000,0.001436
89992,20120705,70.12000,0.005305
89992,20120706,69.73000,-0.005562
89992,20120709,69.32000,-0.005880
89992,20120710,68.90000,-0.006059
89992,20120711,68.44000,-0.006676
89992,20120712,68.10000,-0.004968
89992,20120713,69.22000,0.016446
89992,20120716,68.85000,-0.005345
89992,20120717,69.45000,0.008715
89992,20120718,69.82000,0.005328
89992,20120719,70.35000,0.007591
89992,20120720,69.39000,-0.013646
89992,20120723,68.44000,-0.013691
89992,20120724,67.89000,-0.008036
89992,20120725,67.72000,-0.002504
89992,20120726,68.92800,0.017838
89992,20120727,70.31000,0.020050
89992,20120730,70.04000,-0.003840
89992,20120731,69.26000,-0.011136
89992,20120801,68.80000,-0.006642
89992,20120802,68.84000,0.000581
89992,20120803,70.19000,0.019611
89992,20120806,70.51000,0.004559
89992,20120807,71.37000,0.012197
89992,20120808,71.23000,-0.001962
89992,20120809,71.17000,-0.000842
89992,20120810,71.13000,-0.000562
89992,20120813,71.14000,0.000141
89992,20120814,71.21000,0.000984
89992,20120815,71.45000,0.003370
89992,20120816,72.18000,0.010217
89992,20120817,72.60000,0.005819
89992,20120820,72.20000,-0.005510
89992,20120821,72.16000,-0.000554
89992,20120822,72.36000,0.002772
89992,20120823,71.87000,-0.006772
89992,20120824,72.32000,0.006261
89992,20120827,72.25000,-0.000968
89992,20120828,72.40000,0.002076
89992,20120829,72.77000,0.005110
89992,20120830,72.45000,-0.004397
89992,20120831,72.70000,0.003451
89992,20120904,72.64000,-0.000825
89992,20120905,72.81000,0.002340
89992,20120906,74.42000,0.022112
89992,20120907,74.93000,0.006853
89992,20120910,74.73000,-0.002669
89992,20120911,74.73000,0.000000
89992,20120912,75.07000,0.004550
89992,20120913,75.94000,0.011589
89992,20120914,76.46000,0.006847
89992,20120917,76.00990,-0.005887
89992,20120918,75.68000,-0.004340
89992,20120919,76.39000,0.009382
89992,20120920,76.24000,-0.001964
89992,20120921,76.19000,-0.000656
89992,20120924,75.83000,-0.004725
89992,20120925,75.01000,-0.010814
89992,20120926,74.52000,-0.006533
89992,20120927,75.30000,0.010467
89992,20120928,74.98200,-0.004223
89992,20121001,74.97000,-0.000160
89992,20121002,74.92000,-0.000667
89992,20121003,75.39000,0.006273
89992,20121004,76.14000,0.009948
89992,20121005,76.33000,0.002495
89992,20121008,76.08000,-0.003275
89992,20121009,74.97000,-0.014590
89992,20121010,74.58000,-0.005202
89992,20121011,74.42000,-0.002145
89992,20121012,74.37000,-0.000672
89992,20121015,75.09000,0.009681
89992,20121016,75.79000,0.009322
89992,20121017,76.21000,0.005542
89992,20121018,76.34000,0.001706
89992,20121019,75.09000,-0.016374
89992,20121022,74.78000,-0.004128
89992,20121023,74.17000,-0.008157
89992,20121024,73.86000,-0.004180
89992,20121025,73.68000,-0.002437
89992,20121026,73.74000,0.000814
89992,20121031,74.34000,0.008137
89992,20121101,75.33000,0.013317
89992,20121102,75.10000,-0.003053
89992,20121105,75.25000,0.001997
89992,20121106,75.77000,0.006910
89992,20121107,74.74000,-0.013594
89992,20121108,73.47000,-0.016992
89992,20121109,73.33990,-0.001771
89992,20121112,73.18000,-0.002180
89992,20121113,73.29000,0.001503
89992,20121114,72.07000,-0.016646
89992,20121115,71.93000,-0.001943
89992,20121116,72.52000,0.008202
89992,20121119,74.17000,0.022752
89992,20121120,74.52000,0.004719
89992,20121121,74.75000,0.003086
89992,20121123,75.65000,0.012040
89992,20121126,75.37000,-0.003701
89992,20121127,75.18000,-0.002521
89992,20121128,76.14000,0.012769
89992,20121129,76.42000,0.003677
89992,20121130,76.39000,-0.000393
89992,20121203,76.07000,-0.004189
89992,20121204,75.76000,-0.004075
89992,20121205,75.38000,-0.005016
89992,20121206,76.00000,0.008225
89992,20121207,76.19000,0.002500
89992,20121210,75.79000,-0.005250
89992,20121211,76.05000,0.003431
89992,20121212,76.06600,0.000210
89992,20121213,75.70000,-0.004812
89992,20121214,75.44000,-0.003435
89992,20121217,76.74000,0.017232
89992,20121218,77.63000,0.011598
89992,20121219,77.30000,-0.004251
89992,20121220,76.34000,0.002484
89992,20121221,75.62000,-0.009431
89992,20121224,75.65000,0.000397
89992,20121226,74.82000,-0.010972
89992,20121227,74.95000,0.001737
89992,20121228,74.49700,-0.006044
89992,20121231,75.87000,0.018430
89992,20130102,77.49000,0.021352
89992,20130103,77.86000,0.004775
89992,20130104,78.12000,0.003339
89992,20130107,77.90000,-0.002816
89992,20130108,77.72000,-0.002311
89992,20130109,77.99000,0.003474
89992,20130110,78.30000,0.003975
89992,20130111,78.35000,0.000639
89992,20130114,78.52000,0.002170
89992,20130115,79.08000,0.007132
89992,20130116,78.84000,-0.003035
89992,20130117,79.71000,0.011035
89992,20130118,79.85000,0.001756
89992,20130122,79.96000,0.001378
89992,20130123,80.05000,0.001126
89992,20130124,80.60650,0.006952
89992,20130125,81.44000,0.010340
89992,20130128,81.14000,-0.003684
89992,20130129,80.81000,-0.004067
89992,20130130,80.55000,-0.003217
89992,20130131,80.46000,-0.001117
89992,20130201,80.90000,0.005469
89992,20130204,79.81000,-0.013473
89992,20130205,80.65000,0.010525
89992,20130206,80.84000,0.002356
89992,20130207,80.58000,-0.003216
89992,20130208,81.26000,0.008439
89992,20130211,81.02000,-0.002954
89992,20130212,81.42000,0.004937
89992,20130213,81.47000,0.000614
89992,20130214,81.47000,0.000000
89992,20130215,81.52000,0.000614
89992,20130219,81.86000,0.004171
89992,20130220,80.52000,-0.016369
89992,20130221,79.74000,-0.009687
89992,20130222,80.29000,0.006897
89992,20130225,79.00850,-0.015961
89992,20130226,79.70000,0.008752
89992,20130227,80.93000,0.015433
89992,20130228,81.01000,0.000989
89992,20130301,81.27000,0.003209
89992,20130304,82.00000,0.008982
89992,20130305,82.89000,0.010854
89992,20130306,82.87000,-0.000241
89992,20130307,83.07000,0.002413
89992,20130308,83.83990,0.009268
89992,20130311,84.05000,0.002506
89992,20130312,83.81000,-0.002856
89992,20130313,84.20000,0.004653
89992,20130314,84.44000,0.002850
89992,20130315,84.10000,-0.004027
89992,20130318,83.56000,-0.006421
89992,20130319,83.01000,-0.006582
89992,20130320,84.05000,0.012529
89992,20130321,83.34000,-0.008447
89992,20130322,84.09000,0.008999
89992,20130325,84.05000,-0.000476
89992,20130326,84.46000,0.004878
89992,20130327,84.59000,0.001539
89992,20130328,84.83000,0.002837
89992,20130401,84.20000,-0.007427
89992,20130402,84.74000,0.006413
89992,20130403,83.87000,-0.010267
89992,20130404,84.34000,0.005604
89992,20130405,84.08000,-0.003083
89992,20130408,84.90000,0.009753
89992,20130409,84.73000,-0.002002
89992,20130410,85.75000,0.012038
89992,20130411,86.54000,0.009213
89992,20130412,86.93000,0.004507
89992,20130415,84.56000,-0.027263
89992,20130416,85.69000,0.013363
89992,20130417,84.79100,-0.010491
89992,20130418,83.85000,-0.011098
89992,20130419,84.87000,0.012165
89992,20130422,85.23000,0.004242
89992,20130423,86.17000,0.011029
89992,20130424,86.27000,0.001160
89992,20130425,87.21900,0.011000
89992,20130426,86.90000,-0.003657
89992,20130429,87.19000,0.003337
89992,20130430,87.43000,0.002753
89992,20130501,86.93000,-0.005719
89992,20130502,87.86000,0.010698
89992,20130503,88.96000,0.012520
89992,20130506,89.20000,0.002698
89992,20130507,89.97000,0.008632
89992,20130508,90.20000,0.002556
89992,20130509,90.29000,0.000998
89992,20130510,91.09000,0.008860
89992,20130513,91.10000,0.000110
89992,20130514,92.07000,0.010648
89992,20130515,92.48000,0.004453
89992,20130516,91.52000,-0.010381
89992,20130517,92.42000,0.009834
89992,20130520,92.21000,-0.002272
89992,20130521,92.59000,0.004121
89992,20130522,91.72000,-0.009396
89992,20130523,91.43000,-0.003162
89992,20130524,91.31000,-0.001313
89992,20130528,92.20000,0.009747
89992,20130529,91.33000,-0.009436
89992,20130530,91.37000,0.000438
89992,20130531,90.42000,-0.010397
89992,20130603,90.76040,0.003765
89992,20130604,90.46000,-0.003310
89992,20130605,89.01000,-0.016029
89992,20130606,89.86000,0.009549
89992,20130607,91.43000,0.017472
89992,20130610,91.12010,-0.003389
89992,20130611,90.21000,-0.009988
89992,20130612,89.38000,-0.009201
89992,20130613,90.99000,0.018013
89992,20130614,90.75000,-0.002638
89992,20130617,91.15000,0.004408
89992,20130618,92.14000,0.010861
89992,20130619,91.14000,-0.010853
89992,20130620,88.74000,-0.026333
89992,20130621,88.75000,0.000113
89992,20130624,87.91000,-0.009465
89992,20130625,88.78000,0.009896
89992,20130626,89.82000,0.011714
89992,20130627,90.76000,0.010465
89992,20130628,91.14000,0.004187
89992,20130701,91.75000,0.006693
89992,20130702,91.90000,0.001635
89992,20130703,92.27000,0.004026
89992,20130705,93.25000,0.010621
89992,20130708,94.03000,0.008365
89992,20130709,94.51000,0.005105
89992,20130710,94.59000,0.000846
89992,20130711,95.91000,0.013955
89992,20130712,96.31000,0.004171
89992,20130715,96.15000,-0.001661
89992,20130716,95.51000,-0.006656
89992,20130717,95.66000,0.001571
89992,20130718,96.18000,0.005436
89992,20130719,96.07000,-0.001144
89992,20130722,96.06000,-0.000104
89992,20130723,95.84000,-0.002290
89992,20130724,95.52000,-0.003339
89992,20130725,95.73000,0.002199
89992,20130726,96.04000,0.003238
89992,20130729,95.50000,-0.005623
89992,20130730,95.53000,0.000314
89992,20130731,96.03000,0.005234
89992,20130801,97.57000,0.016037
89992,20130802,98.08000,0.005227
89992,20130805,98.02000,-0.000612
89992,20130806,97.37000,-0.006631
89992,20130807,96.60000,-0.007908
89992,20130808,97.33000,0.007557
89992,20130809,97.09000,-0.002466
89992,20130812,97.07000,-0.000206
89992,20130813,97.08000,0.000103
89992,20130814,96.13000,-0.009786
89992,20130815,94.41000,-0.017892
89992,20130816,94.05000,-0.003813
89992,20130819,93.69990,-0.003723
89992,20130820,94.66000,0.010247
89992,20130821,93.85000,-0.008557
89992,20130822,94.82000,0.010336
89992,20130823,94.88000,0.000633
89992,20130826,94.74000,-0.001476
89992,20130827,93.02000,-0.018155
89992,20130828,93.51000,0.005268
89992,20130829,94.12900,0.006620
89992,20130830,93.46000,-0.007107
89992,20130903,94.07000,0.006527
89992,20130904,95.04490,0.010364
89992,20130905,95.19000,0.001527
89992,20130906,95.03000,-0.001681
89992,20130909,96.00000,0.010207
89992,20130910,96.99000,0.010312
89992,20130911,97.53000,0.005568
89992,20130912,97.13000,-0.004101
89992,20130913,97.62000,0.005045
89992,20130916,97.93000,0.003176
89992,20130917,98.63000,0.007148
89992,20130918,99.68000,0.010646
89992,20130919,99.82000,0.001404
89992,20130920,99.18000,-0.006412
89992,20130923,98.47000,-0.007159
89992,20130924,98.59000,0.001219
89992,20130925,98.28000,-0.003144
89992,20130926,99.12000,0.008547
89992,20130927,99.15000,0.000303
89992,20130930,98.82000,-0.003328
89992,20131001,99.76000,0.009512
89992,20131002,99.61000,-0.001504
89992,20131003,98.70000,-0.009136
89992,20131004,99.47000,0.007801
89992,20131007,98.15000,-0.013270
89992,20131008,96.35000,-0.018339
89992,20131009,96.08000,-0.002802
89992,20131010,98.20000,0.022065
89992,20131011,98.94000,0.007536
89992,20131014,99.44000,0.005054
89992,20131015,98.64000,-0.008045
89992,20131016,100.09000,0.014700
89992,20131017,100.56000,0.004696
89992,20131018,101.21000,0.006464
89992,20131021,101.39000,0.001778
89992,20131022,102.04000,0.006411
89992,20131023,101.47000,-0.005586
89992,20131024,102.47000,0.009855
89992,20131025,102.96000,0.004782
89992,20131028,102.71000,-0.002428
89992,20131029,103.29000,0.005647
89992,20131030,102.75000,-0.005228
89992,20131031,102.97000,0.002141
89992,20131101,103.13000,0.001554
89992,20131104,103.61000,0.004654
89992,20131105,103.64000,0.000290
89992,20131106,103.29000,-0.003377
89992,20131107,101.19800,-0.020254
89992,20131108,102.73000,0.015139
89992,20131111,102.94700,0.002112
89992,20131112,102.84000,-0.001039
89992,20131113,104.42000,0.015364
89992,20131114,104.98000,0.005363
89992,20131115,105.35200,0.003543
89992,20131118,104.56000,-0.007518
89992,20131119,104.08000,-0.004591
89992,20131120,103.58860,-0.004721
89992,20131121,104.68000,0.010536
89992,20131122,105.30000,0.005923
89992,20131125,105.38000,0.000760
89992,20131126,106.02000,0.006073
89992,20131127,106.39000,0.003490
89992,20131129,106.57000,0.001692
89992,20131202,105.95000,-0.005818
89992,20131203,105.23000,-0.006796
89992,20131204,105.00200,-0.002167
89992,20131205,104.97000,-0.000305
89992,20131206,105.70000,0.006954
89992,20131209,105.64000,-0.000568
89992,20131210,105.71000,0.000663
89992,20131211,104.62000,-0.010311
89992,20131212,104.38000,-0.002294
89992,20131213,104.61000,0.002204
89992,20131216,105.35000,0.007074
89992,20131217,105.09000,-0.002468
89992,20131218,106.59000,0.014273
89992,20131219,106.39000,-0.001876
89992,20131220,106.10000,0.005856
89992,20131223,106.63000,0.004995
89992,20131224,107.00000,0.003470
89992,20131226,107.61000,0.005701
89992,20131227,107.29000,-0.002974
89992,20131230,107.66000,0.003449
89992,20131231,108.05600,0.003678
89992,20140102,107.54000,-0.004775
89992,20140103,107.38000,-0.001488
89992,20140106,106.70000,-0.006333
89992,20140107,107.32000,0.005811
89992,20140108,107.20000,-0.001118
89992,20140109,106.89000,-0.002892
89992,20140110,107.31000,0.003929
89992,20140113,105.18000,-0.019849
89992,20140114,106.10000,0.008747
89992,20140115,106.33000,0.002168
89992,20140116,105.90000,-0.004044
89992,20140117,105.39000,-0.004816
89992,20140121,105.16000,-0.002182
89992,20140122,105.54000,0.003614
89992,20140123,104.73200,-0.007656
89992,20140124,102.59000,-0.020452
89992,20140127,102.09000,-0.004874
89992,20140128,102.90520,0.007985
89992,20140129,101.31000,-0.015502
89992,20140130,103.02000,0.016879
89992,20140131,101.86000,-0.011260
89992,20140203,99.08000,-0.027292
89992,20140204,100.19000,0.011203
89992,20140205,100.23000,0.000399
89992,20140206,102.30000,0.020652
89992,20140207,103.54000,0.012121
89992,20140210,103.56000,0.000193
89992,20140211,104.41000,0.008208
89992,20140212,104.48000,0.000670
89992,20140213,105.04000,0.005360
89992,20140214,105.51000,0.004474
89992,20140218,105.70260,0.001825
89992,20140219,104.84000,-0.008161
89992,20140220,105.63000,0.007535
89992,20140221,105.81000,0.001704
89992,20140224,106.42000,0.005765
89992,20140225,107.02000,0.005638
89992,20140226,107.79000,0.007195
89992,20140227,108.18000,0.003618
89992,20140228,108.56000,0.003513
89992,20140303,107.60000,-0.008843
89992,20140304,109.07000,0.013662
89992,20140305,109.34000,0.002475
89992,20140306,109.69000,0.003201
89992,20140307,109.52600,-0.001495
89992,20140310,109.22000,-0.002794
89992,20140311,108.63000,-0.005402
89992,20140312,108.58000,-0.000460
89992,20140313,107.03000,-0.014275
89992,20140314,107.15000,0.001121
89992,20140317,107.89000,0.006906
89992,20140318,108.45000,0.005190
89992,20140319,107.77000,-0.006270
89992,20140320,107.96000,0.001763
89992,20140321,107.34000,-0.005743
89992,20140324,106.17000,-0.010900
89992,20140325,105.39020,-0.007345
89992,20140326,104.53000,-0.008162
89992,20140327,104.09000,-0.004209
89992,20140328,105.01000,0.008839
89992,20140331,105.80000,0.007523
89992,20140401,107.29000,0.014083
89992,20140402,108.06000,0.007177
89992,20140403,107.40000,-0.006108
89992,20140404,105.46000,-0.018063
89992,20140407,103.25710,-0.020888
89992,20140408,104.24000,0.009519
89992,20140409,105.46000,0.011704
89992,20140410,102.81000,-0.025128
89992,20140411,101.45000,-0.013228
89992,20140414,102.11000,0.006506
89992,20140415,102.19000,0.000783
89992,20140416,103.59000,0.013700
89992,20140417,103.73000,0.001352
89992,20140421,103.97000,0.002314
89992,20140422,105.10000,0.010868
89992,20140423,104.45000,-0.006185
89992,20140424,104.93000,0.004596
89992,20140425,103.22360,-0.016262
89992,20140428,102.80000,-0.004104
89992,20140429,103.45000,0.006323
89992,20140430,104.00000,0.005317
89992,20140501,104.41000,0.003942
89992,20140502,104.80000,0.003735
89992,20140505,104.81000,0.000095
89992,20140506,103.42000,-0.013262
89992,20140507,103.14000,-0.002707
89992,20140508,103.17000,0.000291
89992,20140509,103.75000,0.005622
89992,20140512,105.18000,0.013783
89992,20140513,104.82000,-0.003423
89992,20140514,103.68000,-0.010876
89992,20140515,102.98000,-0.006752
89992,20140516,103.63000,0.006312
89992,20140519,104.13000,0.004825
89992,20140520,103.07000,-0.010180
89992,20140521,104.20000,0.010963
89992,20140522,104.87330,0.006462
89992,20140523,105.72000,0.008074
89992,20140527,106.29000,0.005392
89992,20140528,106.03000,-0.002446
89992,20140529,106.42990,0.003772
89992,20140530,106.47720,0.000444
89992,20140602,106.77000,0.002750
89992,20140603,106.60000,-0.001592
89992,20140604,107.12500,0.004925
89992,20140605,107.77000,0.006021
89992,20140606,108.40000,0.005846
89992,20140609,108.57000,0.001568
89992,20140610,108.31000,-0.002395
89992,20140611,108.02000,-0.002678
89992,20140612,106.65370,-0.012649
89992,20140613,106.73000,0.000715
89992,20140616,107.12000,0.003654
89992,20140617,107.56000,0.004107
89992,20140618,108.31000,0.006973
89992,20140619,108.13000,-0.001662
89992,20140620,107.85000,-0.002589
89992,20140623,108.05000,0.001854
89992,20140624,107.76000,-0.002684
89992,20140625,108.68000,0.008537
89992,20140626,108.75000,0.000644
89992,20140627,109.15000,0.003678
89992,20140630,109.18000,0.000275
89992,20140701,110.31990,0.010441
89992,20140702,110.34000,0.000182
89992,20140703,111.19000,0.007704
89992,20140707,110.44000,-0.006745
89992,20140708,109.24000,-0.010866
89992,20140709,110.39550,0.010578
89992,20140710,109.40000,-0.009018
89992,20140711,109.57000,0.001554
89992,20140714,109.90000,0.003012
89992,20140715,109.41000,-0.004459
89992,20140716,109.60000,0.001737
89992,20140717,108.58000,-0.009307
89992,20140718,109.64000,0.009762
89992,20140721,109.04000,-0.005472
89992,20140722,109.61000,0.005227
89992,20140723,109.54000,-0.000639
89992,20140724,109.88000,0.003104
89992,20140725,108.64000,-0.011285
89992,20140728,108.76000,0.001105
89992,20140729,108.52000,-0.002207
89992,20140730,109.02000,0.004607
89992,20140731,107.09000,-0.017703
89992,20140801,106.74000,-0.003268
89992,20140804,107.83350,0.010245
89992,20140805,107.09000,-0.006895
89992,20140806,106.92000,-0.001587
89992,20140807,106.33000,-0.005518
89992,20140808,107.87000,0.014483
89992,20140811,108.36000,0.004542
89992,20140812,107.98000,-0.003507
89992,20140813,108.28000,0.002778
89992,20140814,109.20000,0.008496
89992,20140815,109.00000,-0.001831
89992,20140818,110.01000,0.009266
89992,20140819,110.83000,0.007454
89992,20140820,111.30000,0.004241
89992,20140821,111.20000,-0.000899
89992,20140822,111.40000,0.001799
89992,20140825,111.76000,0.003232
89992,20140826,111.86000,0.000895
89992,20140827,111.94000,0.000715
89992,20140828,111.75000,-0.001697
89992,20140829,111.76000,0.000090
89992,20140902,112.18000,0.003758
89992,20140903,111.75000,-0.003833
89992,20140904,112.08000,0.002953
89992,20140905,112.47000,0.003480
89992,20140908,112.04000,-0.003823
89992,20140909,110.99000,-0.009372
89992,20140910,111.35000,0.003244
89992,20140911,111.64990,0.002693
89992,20140912,111.30000,-0.003134
89992,20140915,110.72000,-0.005211
89992,20140916,111.20000,0.004335
89992,20140917,111.29000,0.000809
89992,20140918,111.68000,0.003504
89992,20140919,111.62000,-0.000537
89992,20140922,109.92000,-0.015230
89992,20140923,109.30000,-0.005640
89992,20140924,110.13000,0.007594
89992,20140925,108.60000,-0.013893
89992,20140926,109.69000,0.010037
89992,20140929,109.16000,-0.004832
89992,20140930,108.50000,-0.006046
89992,20141001,107.02000,-0.013641
89992,20141002,107.60000,0.005420
89992,20141003,109.05000,0.013476
89992,20141006,108.51000,-0.004952
89992,20141007,106.87000,-0.015114
89992,20141008,108.45000,0.014784
89992,20141009,106.05000,-0.022130
89992,20141010,104.93000,-0.010561
89992,20141013,102.80000,-0.020299
89992,20141014,103.60000,0.007782
89992,20141015,103.03000,-0.005502
89992,20141016,103.39000,0.003494
89992,20141017,104.44000,0.010156
89992,20141020,105.85000,0.013501
89992,20141021,107.86000,0.018989
89992,20141022,106.91000,-0.008808
89992,20141023,108.30000,0.013002
89992,20141024,108.34000,0.000369
89992,20141027,108.48000,0.001292
89992,20141028,109.80370,0.012202
89992,20141029,109.45000,-0.003221
89992,20141030,110.18000,0.006670
89992,20141031,111.26000,0.009802
89992,20141103,111.30000,0.000360
89992,20141104,110.02000,-0.011501
89992,20141105,110.43000,0.003727
89992,20141106,111.50000,0.009689
89992,20141107,111.32000,-0.001614
89992,20141110,111.33000,0.000090
89992,20141111,111.74000,0.003683
89992,20141112,112.49000,0.006712
89992,20141113,113.00000,0.004534
89992,20141114,113.42000,0.003717
89992,20141117,113.09000,-0.002910
89992,20141118,113.35000,0.002299
89992,20141119,113.78000,0.003794
89992,20141120,114.37000,0.005185
89992,20141121,114.61000,0.002098
89992,20141124,115.81000,0.010470
89992,20141125,116.10000,0.002504
89992,20141126,116.20000,0.000861
89992,20141128,117.50000,0.011188
89992,20141201,116.01200,-0.012664
89992,20141202,116.43000,0.003603
89992,20141203,116.68000,0.002147
89992,20141204,116.42000,-0.002228
89992,20141205,116.50000,0.000687
89992,20141208,115.61000,-0.007639
89992,20141209,115.60000,-0.000087
89992,20141210,113.89000,-0.014792
89992,20141211,114.82000,0.008166
89992,20141212,114.18000,-0.005574
89992,20141215,113.55000,-0.005518
89992,20141216,111.85000,-0.014971
89992,20141217,113.98000,0.019043
89992,20141218,114.32000,0.015547
89992,20141219,114.69000,0.003237
89992,20141222,115.70000,0.008806
89992,20141223,116.45000,0.006482
89992,20141224,116.25000,-0.001717
89992,20141226,116.83000,0.004989
89992,20141229,117.69000,0.007361
89992,20141230,117.25000,-0.003739
89992,20141231,116.88000,-0.003156
89992,20150102,115.91000,-0.008299
89992,20150105,113.74000,-0.018721
89992,20150106,112.50990,-0.010815
89992,20150107,114.39000,0.016710
89992,20150108,116.05000,0.014512
89992,20150109,114.81000,-0.010685
89992,20150112,114.40000,-0.003571
89992,20150113,114.24000,-0.001399
89992,20150114,112.94000,-0.011380
89992,20150115,111.40000,-0.013636
89992,20150116,112.80000,0.012567
89992,20150120,112.02000,-0.006915
89992,20150121,112.74000,0.006427
89992,20150122,114.83000,0.018538
89992,20150123,114.64000,-0.001655
89992,20150126,115.42500,0.006848
89992,20150127,114.73000,-0.006021
89992,20150128,113.25000,-0.012900
89992,20150129,114.65000,0.012362
89992,20150130,113.26000,-0.012124
89992,20150202,114.18000,0.008123
89992,20150203,116.68000,0.021895
89992,20150204,117.23000,0.004714
89992,20150205,118.07000,0.007165
89992,20150206,117.83000,-0.002033
89992,20150209,117.38000,-0.003819
89992,20150210,118.84000,0.012438
89992,20150211,118.83000,-0.000084
89992,20150212,120.08000,0.010519
89992,20150213,120.89000,0.006745
89992,20150217,120.74000,-0.001241
89992,20150218,120.75000,0.000083
89992,20150219,121.14000,0.003230
89992,20150220,121.97000,0.006852
89992,20150223,121.78000,-0.001558
89992,20150224,122.22000,0.003613
89992,20150225,123.09000,0.007118
89992,20150226,122.78000,-0.002518
89992,20150227,122.59000,-0.001548
89992,20150302,123.87000,0.010441
89992,20150303,123.56000,-0.002503
89992,20150304,122.92000,-0.005180
89992,20150305,122.99000,0.000569
89992,20150306,121.50000,-0.012115
89992,20150309,122.12000,0.005103
89992,20150310,120.32000,-0.014740
89992,20150311,119.88000,-0.003657
89992,20150312,122.13000,0.018769
89992,20150313,121.24000,-0.007287
89992,20150316,122.59000,0.011135
89992,20150317,122.15000,-0.003589
89992,20150318,123.13000,0.008023
89992,20150319,123.14000,0.000081
89992,20150320,124.35990,0.009907
89992,20150323,124.29000,-0.000562
89992,20150324,123.67000,-0.004988
89992,20150325,121.75500,-0.015485
89992,20150326,120.98000,-0.006365
89992,20150327,121.64000,0.005455
89992,20150330,122.90810,0.010425
89992,20150331,122.48000,-0.003483
89992,20150401,121.76000,-0.005879
89992,20150402,122.99000,0.010102
89992,20150406,123.55000,0.004553
89992,20150407,122.83000,-0.005828
89992,20150408,123.98000,0.009363
89992,20150409,123.98000,0.000000
89992,20150410,124.42000,0.003549
89992,20150413,123.67000,-0.006028
89992,20150414,123.45000,-0.001779
89992,20150415,123.61000,0.001296
89992,20150416,123.81000,0.001618
89992,20150417,122.04000,-0.014296
89992,20150420,123.20000,0.009505
89992,20150421,123.35000,0.001218
89992,20150422,123.51800,0.001362
89992,20150423,124.17000,0.005279
89992,20150424,125.52360,0.010901
89992,20150427,124.50000,-0.008155
89992,20150428,124.14000,-0.002892
89992,20150429,123.27000,-0.007008
89992,20150430,121.88000,-0.011276
89992,20150501,123.43000,0.012717
89992,20150504,123.72000,0.002350
89992,20150505,122.41000,-0.010588
89992,20150506,121.91000,-0.004085
89992,20150507,122.65000,0.006070
89992,20150508,123.70000,0.008561
89992,20150511,123.26000,-0.003557
89992,20150512,122.98000,-0.002272
89992,20150513,122.35000,-0.005123
89992,20150514,122.85000,0.004087
89992,20150515,123.71000,0.007000
89992,20150518,124.37000,0.005335
89992,20150519,124.41000,0.000322
89992,20150520,124.45260,0.000342
89992,20150521,124.86000,0.003274
89992,20150522,124.71000,-0.001201
89992,20150526,123.79000,-0.007377
89992,20150527,124.69000,0.007270
89992,20150528,124.48000,-0.001684
89992,20150529,123.63220,-0.006811
89992,20150601,123.97000,0.002732
89992,20150602,124.19000,0.001775
89992,20150603,125.15000,0.007730
89992,20150604,124.32000,-0.006632
89992,20150605,124.25000,-0.000563
89992,20150608,123.39000,-0.006922
89992,20150609,123.15000,-0.001945
89992,20150610,124.33000,0.009582
89992,20150611,124.71000,0.003056
89992,20150612,124.37000,-0.002726
89992,20150615,123.81000,-0.004503
89992,20150616,124.35000,0.004362
89992,20150617,124.93000,0.004664
89992,20150618,126.35000,0.011366
89992,20150619,126.06000,-0.002295
89992,20150622,126.59730,0.004262
89992,20150623,127.16000,0.004445
89992,20150624,126.20000,-0.007550
89992,20150625,126.16000,-0.000317
89992,20150626,126.62000,0.003646
89992,20150629,123.74000,-0.022745
89992,20150630,124.22000,0.003879
89992,20150701,125.54000,0.010626
89992,20150702,125.28000,-0.002071
89992,20150706,125.04000,-0.001916
89992,20150707,125.89000,0.006798
89992,20150708,123.53000,-0.018747
89992,20150709,124.01000,0.003886
89992,20150710,125.79000,0.014354
89992,20150713,127.55000,0.013992
89992,20150714,127.77000,0.001725
89992,20150715,127.46000,-0.002426
89992,20150716,128.24001,0.006120
89992,20150717,127.95000,-0.002261
89992,20150720,128.00000,0.000391
89992,20150721,127.50000,-0.003906
89992,20150722,128.01151,0.004012
89992,20150723,127.12000,-0.006964
89992,20150724,126.85000,-0.002124
89992,20150727,125.76000,-0.008593
89992,20150728,126.85000,0.008667
89992,20150729,128.08890,0.009767
89992,20150730,128.66000,0.004459
89992,20150731,129.11000,0.003498
89992,20150803,128.60001,-0.003950
89992,20150804,129.02991,0.003343
89992,20150805,128.13000,-0.006974
89992,20150806,126.27000,-0.014517
89992,20150807,126.11000,-0.001267
89992,20150810,127.19000,0.008564
89992,20150811,125.93000,-0.009906
89992,20150812,125.30000,-0.005003
89992,20150813,126.07000,0.006145
89992,20150814,126.28000,0.001666
89992,20150817,127.57000,0.010215
89992,20150818,127.54000,-0.000235
89992,20150819,127.09000,-0.003528
89992,20150820,123.58000,-0.027618
89992,20150821,119.80000,-0.030587
89992,20150824,114.98000,-0.040234
89992,20150825,114.68000,-0.002609
89992,20150826,118.67000,0.034792
89992,20150827,121.47000,0.023595
89992,20150828,121.61000,0.001153
89992,20150831,120.88000,-0.006003
89992,20150901,117.74000,-0.025976
89992,20150902,120.07000,0.019789
89992,20150903,120.62000,0.004581
89992,20150904,119.07000,-0.012850
89992,20150908,121.86000,0.023432
89992,20150909,120.52000,-0.010996
89992,20150910,120.62000,0.000830
89992,20150911,121.45000,0.006881
89992,20150914,120.84000,-0.005023
89992,20150915,122.07000,0.010179
89992,20150916,123.46000,0.011387
89992,20150917,123.82000,0.002916
89992,20150918,121.88010,-0.015667
89992,20150921,122.70000,0.006727
89992,20150922,121.17990,-0.012389
89992,20150923,119.65000,-0.003160
89992,20150924,119.21000,-0.003677
89992,20150925,119.10000,-0.000923
89992,20150928,115.49000,-0.030311
89992,20150929,115.04000,-0.003896
89992,20150930,117.84000,0.024339
89992,20151001,118.49000,0.005516
89992,20151002,120.13000,0.013841
89992,20151005,122.04000,0.015899
89992,20151006,121.19000,-0.006965
89992,20151007,121.73000,0.004456
89992,20151008,123.13000,0.011501
89992,20151009,123.18000,0.000406
89992,20151012,123.62000,0.003572
89992,20151013,123.01000,-0.004934
89992,20151014,121.74000,-0.010324
89992,20151015,123.28000,0.012650
89992,20151016,123.96000,0.005516
89992,20151019,124.47000,0.004114
89992,20151020,124.26000,-0.001687
89992,20151021,123.26000,-0.008048
89992,20151022,124.75000,0.012088
89992,20151023,125.16000,0.003287
89992,20151026,126.04000,0.007031
89992,20151027,125.16000,-0.006982
89992,20151028,126.66000,0.011985
89992,20151029,126.79000,0.001026
89992,20151030,126.99000,0.001577
89992,20151102,127.71000,0.005670
89992,20151103,128.28999,0.004541
89992,20151104,127.43000,-0.006704
89992,20151105,127.85990,0.003374
89992,20151106,127.82000,-0.000312
89992,20151109,126.07000,-0.013691
89992,20151110,127.03000,0.007615
89992,20151111,126.40000,-0.004959
89992,20151112,125.10000,-0.010285
89992,20151113,121.79000,-0.026459
89992,20151116,123.14000,0.011085
89992,20151117,123.11900,-0.000171
89992,20151118,125.19000,0.016821
89992,20151119,125.16000,-0.000240
89992,20151120,126.75000,0.012704
89992,20151123,127.22000,0.003708
89992,20151124,127.03000,-0.001493
89992,20151125,127.82990,0.006297
89992,20151127,127.38000,-0.003520
89992,20151130,126.40000,-0.007693
89992,20151201,127.63000,0.009731
89992,20151202,126.55000,-0.008462
89992,20151203,124.65000,-0.015014
89992,20151204,126.89000,0.017970
89992,20151207,126.40000,-0.003862
89992,20151208,125.94000,-0.003639
89992,20151209,124.46000,-0.011752
89992,20151210,124.88000,0.003375
89992,20151211,122.10800,-0.022197
89992,20151214,122.31000,0.001654
89992,20151215,123.20000,0.007277
89992,20151216,125.36000,0.017532
89992,20151217,123.28000,-0.016592
89992,20151218,121.46000,-0.014763
89992,20151221,122.01000,0.004528
89992,20151222,122.89000,0.007213
89992,20151223,123.22000,0.006502
89992,20151224,123.00000,-0.001785
89992,20151228,123.14600,0.001187
89992,20151229,124.50000,0.010995
89992,20151230,123.58000,-0.007390
89992,20151231,122.55210,-0.008318
89992,20160104,120.40000,-0.017561
89992,20160105,120.18000,-0.001827
89992,20160106,118.79000,-0.011566
89992,20160107,116.31000,-0.020877
89992,20160108,114.94000,-0.011779
89992,20160111,115.66000,0.006264
89992,20160112,116.83000,0.010116
89992,20160113,112.88000,-0.033810
89992,20160114,113.64000,0.006733
89992,20160115,111.36000,-0.020063
89992,20160119,111.54000,0.001616
89992,20160120,110.68000,-0.007710
89992,20160121,112.00000,0.011926
89992,20160122,114.05000,0.018304
89992,20160125,112.63000,-0.012451
89992,20160126,114.38000,0.015538
89992,20160127,112.70000,-0.014688
89992,20160128,113.83000,0.010027
89992,20160129,115.43000,0.014056
89992,20160201,116.03000,0.005198
89992,20160202,113.73000,-0.019822
89992,20160203,113.35000,-0.003341
89992,20160204,112.99000,-0.003176
89992,20160205,109.35000,-0.032215
89992,20160208,107.05000,-0.021033
89992,20160209,106.62000,-0.004017
89992,20160210,106.66000,0.000375
89992,20160211,106.46000,-0.001875
89992,20160212,108.55000,0.019632
89992,20160216,111.35000,0.025795
89992,20160217,113.92000,0.023080
89992,20160218,113.13000,-0.006935
89992,20160219,113.41000,0.002475
89992,20160222,115.55000,0.018870
89992,20160223,115.06000,-0.004241
89992,20160224,115.74000,0.005910
89992,20160225,116.96000,0.010541
89992,20160226,117.07770,0.001006
89992,20160229,116.57000,-0.004336
89992,20160301,119.50000,0.025135
89992,20160302,119.49000,-0.000084
89992,20160303,120.38000,0.007448
89992,20160304,120.39000,0.000083
89992,20160307,120.12000,-0.002243
89992,20160308,118.90000,-0.010157
89992,20160309,119.27000,0.003112
89992,20160310,119.29000,0.000168
89992,20160311,121.27000,0.016598
89992,20160314,121.71000,0.003628
89992,20160315,121.42000,-0.002383
89992,20160316,122.46000,0.008565
89992,20160317,123.02000,0.004573
89992,20160318,123.21000,0.001544
89992,20160321,122.71000,-0.000300
89992,20160322,122.35010,-0.002933
89992,20160323,121.31000,-0.008501
89992,20160324,121.47000,0.001319
89992,20160328,122.09000,0.005104
89992,20160329,123.45000,0.011139
89992,20160330,124.11000,0.005346
89992,20160331,124.06000,-0.000403
89992,20160401,124.56000,0.004030
89992,20160404,123.45000,-0.008911
89992,20160405,122.37000,-0.008748
89992,20160406,123.65000,0.010460
89992,20160407,122.12000,-0.012374
89992,20160408,122.02000,-0.000819
89992,20160411,121.62000,-0.003278
89992,20160412,122.55000,0.007647
89992,20160413,124.45000,0.015504
89992,20160414,124.31000,-0.001125
89992,20160415,124.65000,0.002735
89992,20160418,125.62000,0.007782
89992,20160419,125.14000,-0.003821
89992,20160420,125.26000,0.000959
89992,20160421,124.75000,-0.004072
89992,20160422,124.61000,-0.001122
89992,20160425,124.59000,-0.000161
89992,20160426,125.15000,0.004495
89992,20160427,125.07000,-0.000639
89992,20160428,123.65000,-0.011354
89992,20160429,123.94000,0.002345
89992,20160502,125.66000,0.013878
89992,20160503,124.43000,-0.009788
89992,20160504,123.72000,-0.005706
89992,20160505,122.90000,-0.006628
89992,20160506,123.67000,0.006265
89992,20160509,124.13000,0.003720
89992,20160510,125.52000,0.011198
89992,20160511,123.02400,-0.019885
89992,20160512,123.10000,0.000618
89992,20160513,121.80000,-0.010560
89992,20160516,122.46000,0.005419
89992,20160517,121.06000,-0.011432
89992,20160518,120.39000,-0.005534
89992,20160519,120.31000,-0.000665
89992,20160520,121.23000,0.007647
89992,20160523,120.61000,-0.005114
89992,20160524,122.26000,0.013680
89992,20160525,122.87000,0.004989
89992,20160526,123.01000,0.001139
89992,20160527,123.77000,0.006178
89992,20160531,123.74000,-0.000242
89992,20160601,123.77000,0.000242
89992,20160602,124.59600,0.006674
89992,20160603,123.98000,-0.004944
89992,20160606,124.13000,0.001210
89992,20160607,124.42000,0.002336
89992,20160608,124.61000,0.001527
89992,20160609,124.28000,-0.002648
89992,20160610,122.77000,-0.012150
89992,20160613,121.88000,-0.007249
89992,20160614,121.54000,-0.002790
89992,20160615,122.01000,0.003867
89992,20160616,122.38000,0.003032
89992,20160617,122.18000,-0.001634
89992,20160620,123.31000,0.009249
89992,20160621,122.69000,-0.001744
89992,20160622,122.32000,-0.003016
89992,20160623,123.63000,0.010710
89992,20160624,119.13000,-0.036399
89992,20160627,116.67000,-0.020650
89992,20160628,118.75000,0.017828
89992,20160629,120.92000,0.018274
89992,20160630,121.98000,0.008766
89992,20160701,123.04000,0.008690
89992,20160705,121.78000,-0.010241
89992,20160706,122.83000,0.008622
89992,20160707,123.39000,0.004559
89992,20160708,125.61000,0.017992
89992,20160711,126.53000,0.007324
89992,20160712,127.22000,0.005453
89992,20160713,126.67000,-0.004323
89992,20160714,127.23000,0.004421
89992,20160715,126.60000,-0.004952
89992,20160718,127.15300,0.004368
89992,20160719,126.78290,-0.002911
89992,20160720,127.52000,0.005814
89992,20160721,127.30000,-0.001725
89992,20160722,127.82000,0.004085
89992,20160725,127.97000,0.001174
89992,20160726,127.93000,-0.000313
89992,20160727,127.50000,-0.003361
89992,20160728,127.73000,0.001804
89992,20160729,127.87000,0.001096
89992,20160801,127.98000,0.000860
89992,20160802,126.00000,-0.015471
89992,20160803,126.44000,0.003492
89992,20160804,126.34000,-0.000791
89992,20160805,127.47000,0.008944
89992,20160808,127.31000,-0.001255
89992,20160809,127.03000,-0.002199
89992,20160810,127.16000,0.001023
89992,20160811,128.53999,0.010852
89992,20160812,128.48000,-0.000467
89992,20160815,128.97000,0.003814
89992,20160816,128.23000,-0.005738
89992,20160817,127.89000,-0.002651
89992,20160818,127.90000,0.000078
89992,20160819,127.86000,-0.000313
89992,20160822,127.71000,-0.001173
89992,20160823,128.46001,0.005873
89992,20160824,127.72000,-0.005761
89992,20160825,127.32000,-0.003132
89992,20160826,126.95000,-0.002906
89992,20160829,127.30000,0.002757
89992,20160830,126.74000,-0.004399
89992,20160831,126.42000,-0.002525
89992,20160901,126.74300,0.002555
89992,20160902,127.03000,0.002264
89992,20160906,127.34000,0.002440
89992,20160907,127.53000,0.001492
89992,20160908,126.51000,-0.007998
89992,20160909,123.44000,-0.024267
89992,20160912,125.27000,0.014825
89992,20160913,123.45000,-0.014529
89992,20160914,123.47000,0.000162
89992,20160915,124.48000,0.008180
89992,20160916,124.07000,-0.003294
89992,20160919,124.12010,0.000404
89992,20160920,123.63000,-0.000130
89992,20160921,124.70000,0.008655
89992,20160922,125.73000,0.008260
89992,20160923,125.60000,-0.001034
89992,20160926,124.22000,-0.010987
89992,20160927,125.23000,0.008131
89992,20160928,125.50000,0.002156
89992,20160929,124.61000,-0.007092
89992,20160930,125.74000,0.009068
89992,20161003,125.75000,0.000080
89992,20161004,125.36000,-0.003101
89992,20161005,125.85000,0.003909
89992,20161006,125.87000,0.000159
89992,20161007,125.18000,-0.005482
89992,20161010,125.43000,0.001997
89992,20161011,123.97000,-0.011640
89992,20161012,124.46000,0.003953
89992,20161013,123.84000,-0.004982
89992,20161014,123.70000,-0.001130
89992,20161017,122.83000,-0.007033
89992,20161018,123.46000,0.005129
89992,20161019,124.15000,0.005589
89992,20161020,123.83000,-0.002578
89992,20161021,124.61000,0.006299
89992,20161024,125.50200,0.007158
89992,20161025,124.08000,-0.011330
89992,20161026,123.60000,-0.003868
89992,20161027,122.46000,-0.009223
89992,20161028,122.29000,-0.001388
89992,20161031,122.67000,0.003107
89992,20161101,121.48000,-0.009701
89992,20161102,120.82000,-0.005433
89992,20161103,120.34000,-0.003973
89992,20161104,120.29000,-0.000415
89992,20161107,122.88000,0.021531
89992,20161108,123.51000,0.005127
89992,20161109,123.96000,0.003643
89992,20161110,124.47000,0.004114
89992,20161111,125.43000,0.007713
89992,20161114,125.74000,0.002471
89992,20161115,126.03000,0.002306
89992,20161116,126.67000,0.005078
89992,20161117,128.17999,0.011921
89992,20161118,127.90000,-0.002184
89992,20161121,128.64000,0.005786
89992,20161122,130.33000,0.013137
89992,20161123,130.58000,0.001918
89992,20161125,130.94099,0.002765
89992,20161128,129.91000,-0.007874
89992,20161129,130.17000,0.002001
89992,20161130,129.12000,-0.008066
89992,20161201,129.10001,-0.000155
89992,20161202,128.28000,-0.006352
89992,20161205,129.70000,0.011070
89992,20161206,130.28999,0.004549
89992,20161207,132.57001,0.017500
89992,20161208,132.95000,0.002866
89992,20161209,133.17000,0.001655
89992,20161212,131.92999,-0.009311
89992,20161213,132.94000,0.007656
89992,20161214,131.37000,-0.006454
89992,20161215,131.00999,-0.002740
89992,20161216,130.60001,-0.003129
89992,20161219,130.83000,0.001761
89992,20161220,131.98000,0.008790
89992,20161221,131.92999,-0.000379
89992,20161222,130.41000,-0.011521
89992,20161223,130.12000,-0.002224
89992,20161227,130.67000,0.004227
89992,20161228,129.86000,-0.006199
89992,20161229,129.64999,-0.001617
89992,20161230,128.67000,-0.007559
89992,20170103,129.25000,0.004508
89992,20170104,131.13000,0.014545
89992,20170105,131.02000,-0.000839
89992,20170106,131.28000,0.001984
89992,20170109,131.17000,-0.000838
89992,20170110,131.83000,0.005032
89992,20170111,132.08000,0.001896
89992,20170112,131.95000,-0.000984
89992,20170113,132.27000,0.002425
89992,20170117,132.42999,0.001210
89992,20170118,132.23000,-0.001510
89992,20170119,131.81000,-0.003176
89992,20170120,132.16000,0.002655
89992,20170123,132.24001,0.000605
89992,20170124,133.52000,0.009679
89992,20170125,134.31000,0.005917
89992,20170126,134.41000,0.000745
89992,20170127,133.87000,-0.004018
89992,20170130,133.69000,-0.001345
89992,20170131,133.52000,-0.001272
89992,20170201,133.22000,-0.002247
89992,20170202,133.03860,-0.001362
89992,20170203,133.08000,0.000311
89992,20170206,132.70000,-0.002855
89992,20170207,132.46001,-0.001809
89992,20170208,133.21001,0.005662
89992,20170209,134.25999,0.007882
89992,20170210,134.98000,0.005363
89992,20170213,135.10001,0.000889
89992,20170214,135.82001,0.005329
89992,20170215,136.67000,0.006258
89992,20170216,135.87010,-0.005853
89992,20170217,136.33000,0.003385
89992,20170221,137.17500,0.006198
89992,20170222,137.25000,0.000547
89992,20170223,136.00000,-0.009107
89992,20170224,136.61000,0.004485
89992,20170227,136.89999,0.002123
89992,20170228,135.87000,-0.007524
89992,20170301,137.20000,0.009789
89992,20170302,137.00000,-0.001458
89992,20170303,136.75999,-0.001752
89992,20170306,136.24001,-0.003802
89992,20170307,135.85001,-0.002863
89992,20170308,136.33279,0.003554
89992,20170309,136.16000,-0.001267
89992,20170310,136.46001,0.002203
89992,20170313,136.83000,0.002711
89992,20170314,136.89999,0.000512
89992,20170315,137.66000,0.005552
89992,20170316,137.91000,0.001816
89992,20170317,138.00999,0.000725
89992,20170320,137.59621,-0.002998
89992,20170321,135.74001,-0.013490
89992,20170322,135.84000,0.000737
89992,20170323,136.23000,0.002871
89992,20170324,136.00999,0.001409
89992,20170327,136.24001,0.001691
89992,20170328,137.32001,0.007927
89992,20170329,137.97000,0.004733
89992,20170330,138.34000,0.002682
89992,20170331,138.47000,0.000940
89992,20170403,137.87000,-0.004333
89992,20170404,137.56000,-0.002248
89992,20170405,137.11000,-0.003271
89992,20170406,137.78000,0.004887
89992,20170407,137.36000,-0.003048
89992,20170410,137.81000,0.003276
89992,20170411,137.91000,0.000726
89992,20170412,137.21001,-0.005076
89992,20170413,136.33000,-0.006414
89992,20170417,137.52000,0.008729
89992,20170418,137.70000,0.001309
89992,20170419,137.97009,0.001961
89992,20170420,139.42999,0.010581
89992,20170421,139.19000,-0.001721
89992,20170424,140.03999,0.006107
89992,20170425,141.14000,0.007855
89992,20170426,141.95000,0.005739
89992,20170427,142.56000,0.004297
89992,20170428,141.88000,-0.004770
89992,20170501,142.03999,0.001128
89992,20170502,142.10001,0.000423
89992,20170503,141.34000,-0.005348
89992,20170504,141.03999,-0.002123
89992,20170505,141.95000,0.006452
89992,20170508,141.95000,0.000000
89992,20170509,142.91980,0.006832
89992,20170510,142.64000,-0.001958
89992,20170511,141.74001,-0.006310
89992,20170512,141.35001,-0.002752
89992,20170515,141.38000,0.000212
89992,20170516,140.82001,-0.003961
89992,20170517,138.42529,-0.017005
89992,20170518,139.20000,0.005597
89992,20170519,140.03999,0.006034
89992,20170522,140.89000,0.006070
89992,20170523,140.25000,-0.004543
89992,20170524,140.77000,0.003708
89992,20170525,141.95000,0.008382
89992,20170526,142.49001,0.003804
89992,20170530,142.57001,0.000561
89992,20170531,142.92000,0.002455
89992,20170601,144.42999,0.010565
89992,20170602,145.05000,0.004293
89992,20170605,144.62000,-0.002965
89992,20170606,143.48000,-0.007883
89992,20170607,143.85001,0.002579
89992,20170608,143.17000,-0.004727
89992,20170609,142.57001,-0.004191
89992,20170612,142.47000,-0.000701
89992,20170613,143.50999,0.007300
89992,20170614,143.48000,-0.000209
89992,20170615,142.82001,-0.004600
89992,20170616,142.59000,-0.001610
89992,20170619,143.75999,0.008205
89992,20170620,141.96001,-0.012521
89992,20170621,142.12000,0.001127
89992,20170622,142.00000,-0.000844
89992,20170623,142.12000,0.000845
89992,20170626,142.50000,0.002674
89992,20170627,141.52000,-0.006877
89992,20170628,142.46001,0.009666
89992,20170629,141.23000,-0.008634
89992,20170630,141.97000,0.005240
89992,20170703,141.72000,-0.001761
89992,20170705,141.17000,-0.003881
89992,20170706,139.58000,-0.011263
89992,20170707,140.74001,0.008311
89992,20170710,140.91000,0.001208
89992,20170711,140.80000,-0.000781
89992,20170712,141.78999,0.007031
89992,20170713,141.94000,0.001058
89992,20170714,142.38000,0.003100
89992,20170717,142.64000,0.001826
89992,20170718,143.17999,0.003786
89992,20170719,143.94000,0.005308
89992,20170720,143.77000,-0.001181
89992,20170721,143.77000,0.000000
89992,20170724,143.42000,-0.002434
89992,20170725,144.42000,0.006973
89992,20170726,144.42000,0.000000
89992,20170727,145.25000,0.005747
89992,20170728,144.31000,-0.006472
89992,20170731,144.14000,-0.001178
89992,20170801,144.50000,0.002498
89992,20170802,143.96001,-0.003737
89992,20170803,143.71001,-0.001737
89992,20170804,143.88000,0.001183
89992,20170807,144.17000,0.002016
89992,20170808,144.05000,-0.000832
89992,20170809,143.48000,-0.003957
89992,20170810,141.21001,-0.015821
89992,20170811,141.98000,0.005453
89992,20170814,142.92999,0.006691
89992,20170815,141.71001,-0.008536
89992,20170816,142.23000,0.003669
89992,20170817,139.99001,-0.015749
89992,20170818,139.31000,-0.004858
89992,20170821,139.55000,0.001723
89992,20170822,140.95000,0.010032
89992,20170823,139.95000,-0.007095
89992,20170824,139.68600,-0.001886
89992,20170825,140.06000,0.002677
89992,20170828,140.16000,0.000714
89992,20170829,139.89000,-0.001926
89992,20170830,140.81000,0.006577
89992,20170831,141.72000,0.006463
89992,20170901,142.45000,0.005151
89992,20170905,141.78999,-0.004633
89992,20170906,142.50999,0.005078
89992,20170907,141.45000,-0.007438
89992,20170908,141.00999,-0.003111
89992,20170911,141.83000,0.005815
89992,20170912,142.64000,0.005711
89992,20170913,143.58000,0.006590
89992,20170914,143.08000,-0.003482
89992,20170915,142.85001,-0.001607
89992,20170918,142.45000,-0.002800
89992,20170919,142.32001,-0.000913
89992,20170920,142.80000,0.003373
89992,20170921,142.46001,-0.002381
89992,20170922,142.71001,0.001755
89992,20170925,142.42000,-0.002032
89992,20170926,142.57001,0.001053
89992,20170927,142.87000,0.005864
89992,20170928,142.77000,-0.000700
89992,20170929,143.34000,0.003992
89992,20171002,143.78999,0.003139
89992,20171003,144.28999,0.003477
89992,20171004,144.92000,0.004366
89992,20171005,145.70000,0.005382
89992,20171006,145.81000,0.000755
89992,20171009,145.12000,-0.004732
89992,20171010,145.03000,-0.000620
89992,20171011,145.10001,0.000483
89992,20171012,144.11000,-0.006823
89992,20171013,144.59000,0.003331
89992,20171016,144.81000,0.001522
89992,20171017,144.91000,0.000691
89992,20171018,144.70000,-0.001449
89992,20171019,144.67999,-0.000138
89992,20171020,145.13000,0.003110
89992,20171023,144.14999,-0.006753
89992,20171024,144.58000,0.002983
89992,20171025,143.92000,-0.004565
89992,20171026,144.37000,0.003127
89992,20171027,146.10001,0.011983
89992,20171030,145.50999,-0.004038
89992,20171031,145.69000,0.001237
89992,20171101,145.67999,-0.000069
89992,20171102,144.53999,-0.007825
89992,20171103,144.97000,0.002975
89992,20171106,145.89999,0.006415
89992,20171107,144.92990,-0.006649
89992,20171108,145.08000,0.001036
89992,20171109,145.36000,0.001930
89992,20171110,145.83000,0.003233
89992,20171113,146.28000,0.003086
89992,20171114,146.41000,0.000889
89992,20171115,145.91000,-0.003415
89992,20171116,147.17999,0.008704
89992,20171117,148.00000,0.005571
89992,20171120,148.31000,0.002095
89992,20171121,149.14000,0.005596
89992,20171122,149.28999,0.001006
89992,20171124,149.59000,0.002010
89992,20171127,149.59000,0.000000
89992,20171128,151.39999,0.012100
89992,20171129,152.23000,0.005482
89992,20171130,152.97000,0.004861
89992,20171201,152.92999,-0.000262
89992,20171204,154.50999,0.010332
89992,20171205,153.57001,-0.006084
89992,20171206,152.70000,-0.005665
89992,20171207,153.17000,0.003078
89992,20171208,153.87000,0.004570
89992,20171211,154.25999,0.002535
89992,20171212,154.27000,0.000065
89992,20171213,154.39999,0.000843
89992,20171214,154.14500,0.001619
89992,20171215,154.88000,0.004768
89992,20171218,156.46001,0.010201
89992,20171219,156.30000,-0.001023
89992,20171220,156.00999,-0.001855
89992,20171221,157.02000,0.006474
89992,20171222,156.66000,-0.002293
89992,20171226,156.85001,0.001213
89992,20171227,156.53000,-0.002040
89992,20171228,157.00000,0.003003
89992,20171229,155.97000,-0.006561
